600704002087010930125903000932651087508000301040090620310405000006029743274836150
093084002486502930125973846900050604508246390040090700309065070800029400260837059
670804002910730086805012973090260054500473090034009260069120005080356100350947028
600000000120090758548207030010720890800561370735080621087056143901042587054008000
300700002258401097970802503129500030035004009004380201507940306493600185080103070
598463710740051039010029845000032000809145070400000050934207501681090000200316984
360078000100430970879025030708600409600247085045009167900004851086502790507893240
649035710050207900102040385900704523034020600720960140087006491091072030060198207
007480002425301060080006354073054190051973420290108570700000205940502081030807009
378094512064010397290053680643125908012009000800030061405071026080500730907006105
006095702720301004190427306984006003050783409270000568819604200460002091032008047
049050810026000570057829364503264180760000005204570600905407206408602900600915748
546938712000420530210605090005790003030180070790352601871260354650843127020007800
009725013010930080374168509798240135231007940456010800680570200925483701140600300
060874903809205047104000002305060298728900000010402300203190050651007820497528106
070600813080001400004072596030450001160008040450163087890026150741305620025900738
067002003254731968300060024502496000006007005478053206743609050621375089905004607
907208503254700809010509720030406001100907340000050286040602058080305492590814637
070649013050801070014070896502467001167290340080100267893006150741385029025900008
540728613328561497006493825183054902957830146004109050092347560601000030030000000
067059000945231607013760950689510402320806000570004809400170008058940700792085341
067059203549231087203708000006517002000804169400300875030172590150900026000600301
000650213500200708210870604000000402480006905300947006734100500059463820860795341
900654203000231008213879654790518002021347000384926075037082060000000027002005341
078006910210807056305109002093210600021960034846053120932480567687095040000602390
800940613431200905609103840078462091500090060200507304942801756000000028705620130
605920803000067590290153470732015908801096725560000130024000687387049250150200049
000803004105060083023451006056207398930080420270904601014008700300102860582376149
900503214081629000500041869310074926049302080860100403000450030004230098000908640
857006314301700602900430078084005900005214806623809105010640203436002050200093001
596700300318405209700310658003001705005976420007534891071008502050103080009257046
506872010018460079720010650040701805107090423205600091070086032650103007000257146
009802004308069007704015680003700800157980400006504790070658932692043578835297046
500200604700000503910036287290710308051003026800050049047900805605480031189360072
026370914700001020003269057042013085001028073087004091164592700008100560079836000
000370010975481026010000800702913685650020093309004271064002000238107509597806042
900237805082450376357801020091000200725000963406500087540020091010605738603010500
762009005390412078081675900070854000050090060138020594007901286020060009916040053
782463010040012600060070842478256391250130080139784006590600208000090104610320759
798340615365019472400075030609000021250193867083720500500900206830067009010200003
240960300010032907097154268420596071059001002081020090175200680800615709900000054
040967005517830940603100287000503870309001002700426593005049638004305720032600150
000040610036010400451672030600054091245103067190706004567431209082060040310020750
000308005800915470400602930679854000200103007003726590000031089908560100314289756
020463705475912603001005900784006390906000408130000576590040230203570009610020004
870362405605010082020785009780659021006103908090007540068431000900578163307000050
079200015400560709061000420203600900086009203900320176107430090692875301034910567
020479010005600002697051348010000209562107800934862071371004986080716050056900100
402980610305610902190070400641807200230401856850326040900045000000768390008109524
604879200092041008518200400059400700061702503047635901070026834083100600906304107
005200006800061007301800020954317068100408573000650001600103754540906102210740680
800500000059760324460130758500080043324001005070345100945076001216903087780410069
029370410300012005571086902485207301267090548100804627630000209950030100714520060
527430006841065203690700050718650032259310607364080090000103005105040300932070148
040579016908136042601284930097862300806395204003041090204010000009607003700028160
042875006809036502001294037000062350906358004520701609004010098000687423738000065
073489000049600358168320490680054000327916000405038601004102800802503000056840120
040039016236701054009500320678023590400005600003610000097006402061342789000970065
305942817100008400200105006436591270801726304900304065720809601680400500004200009
080093007097005030460020908010749003870050491904061720608214300301006502029008106
548620910006807523023095608000002385300008200860031470005014090400209756080756104
650039017041680050709451608430192006062000009985376104006013800014068003800004761
842000007679008304015409020150206789960080231087910465008300500701004603506702140
506470008321506409700103625803205090610037540050041036030718260008300950072000083
369040510058609472200105030036571089901006004502390067823057000095010003714263895
706350918201079030300086072420060093907030284813920760502003601108005307000207859
070500418325184000400069032930401007047620359000970840716000293294316085053290160
352060408008540609060210530023000791870491352105327000589100263030800970247000105
305748019140050007078000452591602834862400795730005100010597068089004571657820000
040000510031054687895010420079506048050401000426870105700162950960345801004000002
047283519200004000800600423189030200753001896426079135370100904960045700510008060
508302710974060032003800000300681004001974006096003180080400563639528470005700028
064035219020607054900104003693780540140560380875413020480006072036200490007940600
704803200021690807038120000003400571102509080000006900389760142450030008217908653
760835209500007834900024700600080501042560000070013906089350100306271498210908000
004035200521800734930100685308070541142589376060403020070300102050260097210047850
654738019820590034937024605390000001000800370765013928079305162080001400206047850
500006820628001070041902060134257089002000417967014253285103700300708002070620038
040705601605180940917640503596200070082006409031070205000461050068529034050807196
843690021925083040610000983596010378082350019431078200070400052000020604064835190
005047800001326090702851406000013079600780352003500080027698000534172968986430217
978650021006007098054190300000062080649800050820749106583004670462005810107386045
360000500007500036400010798000821953820060047590347002275436819914208065038100270
965430701014792805802051900087240096593816047406005008000007053700060080038504079
804356921005902400690007803008600002106093570437025609569031708043068005701549206
007560821216003000854190370005321068301980457098745032502007610069250040040000005
409357021032418060700000435105982600020103540970605008017564090206831700354720100
867593420902614080405280930241800003500021069090375210056900040000750002009140605
508400320642530897700098500156002074039000000804056213087005430321849705005000180
007008321642001070010279506700092084200100657104000090978010430301947860065000019
007003621342010089015080703081736954504090067976450318758900030400070000029060470
003705821801200794927000050102689000785320906300540210078400039539108060014960080
893560721000312498021790563030007246902000310004023900007045030349671052000200074
003046920061023080204197036010000860678914052020680004102408095507030648800000213
059430800061005093324190576470903100018007302506210009000041058083579010105060007
080056400001902600506041937100295043032060805040183296293610574814509360050304100
348756021901400058520891430000005000430967805705100006200000570014079062050324180
308050901001026450500189600400008176019765042637204800083040200290000514140690083
094000300071302648006410009108063207902507010060104983203006794409701800607049105
004680001706010590321450786149060258632590010005120030203901845410030962500246100
067450820000306470520170603472800056900065042603004089709541200200007504045682930
036509001400000006815000093201083000579401630068905214650892047980154302124706900
058430620094720358026158407079014060032890040400302780007601032900243070200975014
009370001372450869100082753598604172403000980007809000024593608001007305935068247
800076420302001869106982750508004102010020586260015030720590608081040300030000247
050070401372001968140002053069030172403725890080906504020580019091040085830069200
059300001002401805100582093508600100403000080260819504724053600080240359900168247
050370020302091865106082790590000072413720500207805004000053608681200309000160240
607053021350729684204068030060080342800600079413290056032940700570802003908370210
078000901300820604294160530000590780025038109819074300132945067506712400000006215
705400920016972004924080603060090415100704380408021060070849206043210598002653147
007400500051382069060701800003900052186205397900637184602503470578120030394876210
005047021472690350193080476054900003030570042081030590017060030048700615926153704
905048020400601359100000406004012960700589102290406070510904207300820615000153094
007340621032860507610702803201003004945020070306407000060010030090208756523604189
069503421000041090130692075702310040348020010010405730070950003280100950000008167
008705601069040070207038054730429580900070243820063190602307410485900732000200869
870056920520491000139270654341960508097503042008004000003645000080139000905827403
068300401500402380204017956021500000003240610005781209400150862050678094100024570
070500021523700489641829005080000060090608514000050803956481072018300056037960040
009437621004280007003016005928043006100060204000720890005072140862150309741390560
056008000710503400498021000184070963073809200529634108900450830840390607237000504
406809021002600009300521467060400100240010906001063048625147893094356010130298600
096547020050913486010026000071005090943280765500079102637000548185630279000050613
300706801820143079157820064090004180061090052284571600900080036008032010030905708
760005900815490706039100084690500200352609017140803000500018062421706308986034070
000400000801527304000060780438072006012009047906840213190000560020903478784206039
356807400000601075001403008438172056512930807007048203003784500625019080704260030
370000621801700400002165080920570168746802039510096270684209003000481906050037040
700080600906072480248163090120307968367008002000216007072809014400620079891740000
060195803309860415805430067900516748580024130471300250658001094103600572007000601
090180023012649057006000041038090472075204300004073519800300100041020735753461208
407100620319002807526038940132500079075210380064900010208057104041829030053061200
490165020312749650000832941106090402280614007900283006620008104700920805853401200
785601020000032540023709061307020659050006704060405008834567002000914086090283405
050078120300600074007923060004002090706530081890704530173090040265807009000310257
649000023302640975000200864400182090006930481890760532170409058264857319058000047
609480523305009070748023001006090712280050309900200085892065104173902850060001000
709645123420010567100327900804702001316000402207160305672400809900280054500900016
689745100400009070170320048004132090310608452200000380060050809930287564508963210
600890123402100970000720084093480261764213050820060307006958430005000008240370090
001750403020318500307409810000682054062100380708905102405060071210897645006000030
590086723600729150027300986040900510250674830309010000005290041003401278012807390
100046820040729051025083007902070030507004206436218009091852764200097185050461300
019305724054718690006904581080506002042800006690031470901450067500170309403000205
010309004004708653000524981000045100142807536050031070921003867068170349073900005
105930824439007615628010370560300708043708106807064290006042501051079480004100967
805006924407080060090405007564798000001024690300501478048210750152007380073859041
860193020712640300943570001000281007408059163050360008300000010081436072296810400
307010020902300657564270031850407392640082000709530400090103070075890163000050249
398700504002304068604005031960408350740520800820631497430052089086903105100860240
005761920010348000604090803800457390743982061520013487400009038296034170100006200
086035024040298000070610893450080702820467359630520401592301608364852900700000235
900031520080254090205796003400003872000470009730009400090385701070000958051947236
867350904003029760095706010018072000700600100000038200080013670672984351501067409
000506904004809073092400500030740019000981345000653007528004790407200800060178452
986507320012348965030920087074601203123704090500000741291005036048109572600080400
107635020005704063460090500050260031600041280201857090390010047506078310018423659
300018925005003070810259634602590100039000402148026590053187246020005010700600359
169743805500802914082090306056104000247000000018270043630928457800037009704015208
140703020573040019900061304359106742067054981018200560031000450025407096094005000
160074825700056009400090673890743500647520938300089741970008350500937086200065090
690784325753269841824105000017693400068001279945020010480076032036910004072040006
073840125200705690504000387320068719010309200490070503609000000107000832802503906
607301425000500037523600819806102794309756080002009503038265071200907340901803200
059417006200386905000590017120630759300905081007821060685703192742100000013200504
850017326070086045436592010128004759060759000090801060005940002940070600700268590
718593006640701905039206780203000814097028003851630079984310000170050300005460198
010845026782003500500002003120490865690038400047506392000020958078009604901604237
830095406040627800296304015178250030062400150459831200900003680713908042600002300
031480526800520090005100704390005108502843960487090000009364810148002673263008409
900340006802760300000291480765039042204100500310524608026483057400652003038917064
600400020273051040849302601094807162700295483000100095925703810067000039038900000
004601020000970034027840961152368070090000253403000618009507186381026795060189302
409605807000900004000803961102068470608700000073254010000530086381426795765189002
019036027702091630536007891000085016690120574001060283000000758107000302325000049
800510907350769840197402306000005084080000500000208063075901030428357010910846275
800513020052769040190002306230670184786100502500298060670901200020050019013826475
410907520087352100562148790000003645140580072325070010654091037009700400000400086
301465008800170943040000560174809250028654300000021480600087104007906035489510672
760019028243508961918240530000700800021095376097030152000100084102003695680950013
309715600070000000008030570091073080000621350630480217704068103823004705910300842
410536920030078150680019473092800634074902015806300000728693041060000389943000200
431060908208439601500108073915002806003080512082500307064207139129043065057001204
401350928320049571085170006612485700009060215053090000008624197100538462064907000
538014600109006040647250018060900031400108072790023004384002007216875493075031000
678005420203680001015007600537800940020056380869734102300102894082490765790000213
850416309240738510301259480904600708600370000500090100420107093030940000198560270
300581729000730541107000860273095016598164302040073050000050000435902607716040200
763000409020036851185420003048005316937008040651003007300604198804010675500800034
300061429400830561150000803280045617504106082060080900042050130035012094017394050
370561409400037561156409870203080600890176342061040080982000100004612098600308004
508010409302049805910285376091734000046020080235908140029000708107896204003402001
507400300324705810961023540610058030870040900495007180149000073736200458000000691
405602030060479200892013400703200006624938005900160024039840670286790103107306009
009058601061007582058031904600309100407562398590084007004715826805006010000003050
629004730001602845584700000090125680210000050458936027903541070042378590005060400
206000901700023068083056407170095680005700219690240375021830746000500802849002103
256087001704923685000100020692341070005060200170205004520009706367500802049602150
260800030800520796590067408002351680030400215185090074601932800300010952429085100
067580930410003786903107542704000620006208019000006370601839250070610890009040063
250084031010023500083100420090070604730460219048091005521039746304010000000642100
250000930017023680903056020602301508735468219008200304520839746064500002000600053
256084900410900085000006402628300507705460009104070368541809720060500894879002153
256704931018023605000006428640390507030460210189275004501039706360507000800642053
256807430018420695493056072609000587030769204174000300541008020367502908002670000
067804031410003000593160004740000082806270410120006009651930247304610900980045163
507829430020541708408300020350972800089403210040000593070000659805004072206700184
500024030120703060608591400783400000002935608956070310040068952001250700095300186
470982030028316004903704008690230457735140800084000093102875000800090210309620705
006452831000860950800719624163905248924380075087241090308094002009027483450008009
068542030150960028209810400301054009042000157690780042080170290916428573027600004
804002030156803004207400680000256000920347100645981300083095260019600543002734009
460500731050083004709006000600327940342960510807145326074009852920050070083274100
000078031801240005270915800390861057507004000614500002948002603730406100026709500
092560000065231498410098002008950140071480003654300087107000020249073805580109004
085706030061403782070008500500237640397560208604001005056040123030605097040302056
042806001060539802938104756010460000354297168070350029095002000187040290420085017
040070530680045900007023486021300795005210003368009120106000258704582619850690347
460072901981043607000916084120305478098007152754201060502009816007054093039120745
409708031001430059673095482936050847745689100128007506502870004007004008804910070
207008901903610504145009000604003290090426310002195486721004803056030049409067152
954080700070941065000537004031795082097020506420608000760003149518400270040172058
976005831250073096000619002529000040603057008740926315005760280037592060062108759
978562431000080000356407920031945702009021053507000149192670580403158090085294316
000625001260040095053198627030070104020450080914830052382004070740060018006280040
074826001286153090300490080700610008008530076042780315020900853531278469860045027
700020531200365409540170600015237864670851093300006107800000045090500326450693708
820400030400020500395810600084061700700592000206700309609185273532670198008209000
029450031000023598370819004907300800013582940058907310594078060032004000100000479
920406830461800507380710624008041752010502040054908016540087263832090105100205409
807050901401000500300819704908370602713560049050900310674000200032694108109230400
602870531405123079007009400941358762000016005856297004000035096768940003009682140
500294801413000902200135074009018200080052040024967085602701000070580026845620317
070020931543970006002806405704302060901450328305609710010743800038100040407268193
058042031620700400000951280400370020083000967062089103205897014840165390096423870
924680031000023850380971406450000302293050608008092570509807003800516907746039005
907460801601238900034000020506380090018920056490576300749002063085643179163009402
500276031000890520302040960130060850425318700960000312004120670296704085003685049
020000031761000894300906572840030706500287000107604083053401928210860307478002105
684900000700200640012400975105762803930040700267308104070839000503601489890004007
620900830703001604109360275500709308064005702837020459400500026001687540056400000
628045730040102685305607009000000068003410500406798012904570020532869070871320950
056040031043621705090537084430050968010000547985760000520406800100300420074298100
264809731835760049179403000680905070390047608047286190020508900950072810718604025
046528700000930020305076048000790015180065074570801369731459002058003497290687003
781450030009130480450806179246075010597308240108642050015204708060780020800500300
070065002432009856008003700053010007720058043694327581916002074340796108007400095
005104002713620840428375906349750000500068103801203407054907081006042070907016520
400900030010246050970800641000367028204509376630408900520080194740192063391050080
400900800810046750970030640150003008284519000630028910026307104748000563301050287
861005032200390605905612748300700400054120060608054320576240183000500090029831500
057094100402035076310706000500487200760013050821560340176908420030642018008371090
761800500000165080052304060973080005185020000246907308500046023324510876617238009
709582134420003687031460090900315206602940351053020040006000010207801400310654020
057190630463075109809300072500907803001002096796000005000023058005000261620019347
572080004084020957010007208045030012206000879890672045060095080450310700108764093
070108030000549278098237600821953700003806509509004382900071823002405167007302095
279160804506003910813974000095312000738006291002700403004080000680230145921400386
600052034087043621342671000920760103160000009000000000290410067801536042400290018
009060730647935801300470596904756080106380209708009005090510040070043050060297308
025976034704800629000200715006087200097624581810530400009358100070002358583760942
951287634820004010000150028000008040019046002204791006043962087568403001092005460
210004000903020071050903060069248010000109042142036589601087390495061020308490056
802971030700506981095043602307614200020005360050090817509000126006159740400000500
470900800239185060580700021903018700168050340005490000304070596697001083802369170
060479105495006207310208604603890571854010900901005300180000400036000019549301020
075210030000070821010369705023690004040031572050407693064182350037946208001050009
097024830003008140804706050439080760178600429005009300041902008956047200782005690
795100036260500000814006950439281765000673429620409380301962500900805000002317090
154007036637195428000046700425910680060708043803400090006234879048009002092581000
000572930030800150095030040314067890006089023829403070083000210462900387901320564
270089100840016070916005082037820019198000203600900758000652304450103000060700520
784205036290730008530094021050178209819002057007059180360927415042001000100640892
980205730271936040506408000753180060010762059692354107060027010000041603145603870
419857236820003709357926408900002507085734002700501860170265900208140370000300000
075980136810763200040120790090046001460078925382501407050000672004657810000812509
005024836840300179060198024974003615010540783038600002709416350080900001051002940
184050706000741528050806910470103600000005483090600150347510260529307800618090370
008129437030607851407308062079005180000800003381496000720003018003500276156002309
000124907104673052023985016570349201931060500602508379009456708057090043480002190
605024937941073020270098410000380000712045860400200700127069350050001672360052100
908400007360870940574020000083046590625980014749152680030018459496507108801204000
092145030400090180705386024107629300609803200028514090074030862981062503000008400
010259807072038600308074000009500003120480006065092710230040068081720095954060072
000259630030640508650800010060083092270960003893724005340510009029306841708492350
562079030380520710900000652405817026630005001027000805740051283803702164216000507
569000030400030051010004906932460507854210309070900284240805670093001845005300090
002067400630008000108493025000000206409685170007010094305741062090806547746059081
951604208060900071420100956500030862000001095678259003090040327305710680002096004
002460938398250000467309510741005600000003079830706000975638241003090050184070090
100762030283109407007000215810045072426800359000096104641900023008600041732014096
140602930280400706056008010819730502720061340304000000001980423498523071602140895
010472638083501240274368050046203790057000004302054006705036009068900073031847500
109052408783940026000080007604198070031070680070006045806507293390064751000230864
000502009400000281302148065000700510008051390154903806001237658580416907706890103
800025030350040600472060581904536270080002950620897000006081000007003860098670310
080625030390007020000300071904506000037002900802094063043071098100900040079068315
710506039305000826406300571051634007030015000804092003503071008102963045079050300
460800239975602840000109007590378612306921070100060008609283054240710906708090003
800126400029040016060309280900635008003071905070092063100080694746913052098064370
000006430029708516060050000014635028003471065576802143105207090000903001698514372
804000009501070002300480007087523106030708095152094300243907860600201750005836024
624105030710003050853006400481059260090230780207800940340017098975300126060590070
826175430009463052000920610681709003000036701237040960342017598075080020100592300
000175409000483652453906817841709260596230780200060000382017094970300026160590008
026000941090860075050041020480710032602380519501006480015020708900138200040650100
070509000019000523306124809098005762700298010520617098907801254200970186000400937
987523640012096003306184927139040762064200005000000039070960050245300190601052378
000250901005081067090340852908670214010802070327015009069020700130708405084500026
052006041007352806806000000001849352020567189589120407065000208234618975008200030
052786041049052000070491500691800300427060109503100060005004208034618790908075004
076892341104003900030015200000206010907134582080957060305000027098521630642370105
607025940129364580854071326001087050478650093562193874000238700700509268005706000
065802001409500803100407000201080560576209438308605219957100304804050726600700195
805032641400570083693400702216304578007001030340080006158620000004100027032849060
060352041001740356034168027492003670075684219600920035006071580003090002057000194
060592001054081609700300258645120083130008574897430026403200065920000307581600492
000006941450000762690104008805937124002040089914082570000260015189000236506308490
030806701051903862008120009700530000005240607214097503803762915190405230506319000
000506040301049527040302906213904678900003152675081409000037890036408000490025700
905862041060000850478050296750600020380000967610097080843725010190406030000319008
609003501800064039500910800407091653902305700000076490790150304000407986240039175
093670040074291030206308079430002157920000364765410902000856703050720000087109025
950070040680004509240905600008062790102749050479358160396581407015407906004003810
026890041981000236034612908690200703002300009305987462067150024000428607049730185
270659040094710605150480729710804206020090008009106507801205074007001052042078160
659300740271594360483067000540981003328000609097236005004059100015000800002810094
006832540280615937001479020015280304860040000400753068650020419190500280040190075
005823001041096350900150700050309860093608572060502000010405039309067015504900687
860790001050421060090006237915002700403970605706315492641259378270134050039000124
097030500001457800546009000689374210754026083032508460018060000473200059065703028
082006500573021986160090003310647090407000618200508437641702350730104800020003074
070806040561300809248100607894267300305400060026500000000741903109685274050932006
286537040040980736309600008000350024402000093063409507625743189194005302008090065
098060700020714309700938052869271000053046020072359068087025093930687210215400000
829730040651490038734800962597004200240059006068307050300970604010068097000040185
250069001004050007970008600506100203132006079798043106067802594409075010800934760
708096340609415708120803965315008009902530086080027513007100030241309600803050104
095036241713004896246918050902801435650302000030405629000040570060120084020500160
803020941760300250290540306530104890940285060008973020189007032070610089020039015
056879201740620580009514060900381475130705900504960138010037092800250700020108650
723060040890004700460075908342500076907030254100007839614852397200013605030790002
005230840800954026046807059900701035654390010037400098370609582560083904080570103
025980641060570092009001750014705863370106920006030017050410239182309504900007180
023089001054301620070620539301290000795408360006700194567142083002903076000867015
632090740950071628078620000301000950700009263006735180000140890813050476020860315
805793040961504327437620850204075960389140070070032400008410032190300500703250000
326500841905004207000030905607802350500009080082453096201946070704328019069105023
827590601960780300430021870200875903080146257570000010650409032192060504740058106
153670940927003680648091537586010304200435100001000205000060053014059706305007410
935006700004790603067435080600004500001659820859127036420903170090541268016208090
930700042107892650060435970602304510071650428450008736024963100893041007000287004
079050042541000083003640579836000794007006020004009365392060418715984236460000950
700001002600024578402786031501270896387609000000845300279508104834160250105092780
078001000601004300020053160134700005206300071780612039503109780812437900907500213
126090543347615200895234716018026300050003621032951007009040000403072965071560034
125006943306015078700200010517020386804073021600801400058347102400162050060500704
000025703070080200405701869004002008682094510103807002941250376508070104230146005
000100043906835002050420008260570830590304000731280400370940216002713054400650380
576000040914050060283906751060078500095021000708530010637094125000000600421765390
576180043914300862080046701100074500390601407700539216637098105859213604001705000
071600043003201006084000052069402830140930560800067429007500690016893274498006315
090010003068243070040500012009020031630974050700080496270159384804032965953468107
000026043200003001060400980070204509102659007859137020408960270791542368526370090
900720840007890600008015972080004519102000038059038726034061285001502007026087104
186527900534900762900643810060370580000090070050410009097104300325700100040039600
105020903840900070902043005457610200300402051208537409509164027001278504720390106
290761005074000921153092678000007019721908064869014002480000100900305006530106497
060300140741265809539040627106430250000001760300080090050813906010594082000026500
962080105001065937507149600170430209009601873085700060200000786608004002790806004
902380040385670912760901805050003467029507381073800509800709204040108003500432108
908002506036589712521746938000065020200193870100407695604901080800004053300000409
890310540436007902021046708709065320065029004102003695050700289270090150903250060
070302006000859702500746900009060000265103874103427095654900287802604000310280460
090300506406800910520940708709068001365120870082403605004730289070094103003280460
000009846600804701438601925160002089980016572503090004000007090349105260276903108
087120006520870300060045827250401709049230158003008062000094215405682970792013084
003020546504936780701840920059060037640203050000700062006070215405602008372508604
130725000950010807726849005000400701817530060643097050569370002301086090082951603
529871346038060527476300000690030270784925003200006800001084732342097100057200400
509080046736500820002930000941673050670205003203001764004308972327160085805020630
058921347014003806230806901002008635005132409703095008079060102386017000401080760
965102047312574809070306010700403650003005408050807293006241735500038906237600080
127600008650010973039085600000042160501807329900500080284356001000000806096178054
016000549274150863805600712450903008730026401602541090523498100007305200048002005
128050040709214583005806710980040070501908326070531090204360850810425000050180200
763294801105036420000010960000570100251300674000641532570128040010400795634057208
803096201900280600720140003007504300180020496430908500319402000570630142204800739
006070001508203796071065023150004002690000508807500010312040085760108240080652137
978002050000010200210590460021405900039000745854730120480150679300074802100206530
070926051821007604005801037000010702019680045240570169100790023400160908987034510
060470051000090004243160000096250740005904186010087592601049820489523617502000439
968472351150098246003160978000051763000607194710930082631009820400020010000806000
803072951000389264249000837086050043725800100310607502600740020470523000030016400
063402951050380046249105830980001703005697084700034000001008025078523619032010470
020089701570460890893075604005007418009814502140003976007931265916200340050740109
020803751070460803090175604230080419709310002148000076080931065310058900000740138
270830401549012063800000027050000132184300090623591004392178005705943008408000079
804093250109568730050001069045907012007105006018600590471056903382410670506072140
890200451025800936610459000938005620500627890270008145100080000054963208300714000
467800000821405060000170840618394275504782036270060090045018723100950684080000009
060002850520090073840100960956321080430986125102570390370865000008003500215749008
600004750700630000014579306176080245300702100259100073580407900060390500030210684
807200451031005006625000003076051802000790600254038109042086000719304568008017024
870029051043810092200370084085037046300591027790648513600083000408002100050104208
009240051600005209825109304400013720517426008000980410053671840100002563286054190
937620050040700300800100090205304706763251984418960502180406070304012060020800100
006824901048015730901367480100452693530008210060090578000009005025731849090040000
203048951000917308109205467908500014720480500546103809300000080090850040057364190
270048951005907008009205460938570000702489530006023870304701685091050003807360092
000006451065420839000058672830000006041692700090307045128079360954860200370210508
000060700400125009058793004001004802020001947743280506384910070016850003079300160
038060201000400839050100046017380695584076123090010487800600310120803074070241508
079863250061000000302109800010004670004786003637512498945030012006900380780041069
060700201104030869050096437007560943030900018906803572003000080701650394640310000
090430750180250460543170900035702814706804500000503607061925308308640090209007046
006008050281005376700026900628530749000942638003860020052700463104083090379054812
703600901890730246450012807100403620382560700000820010010274305560300172037150480
376200851490750260820103490057001000049532678208607140582070314700810520000300780
483697251001030490069200780040079605006428079000050308704501002010942807090060514
060298301280365090093704802100680025300472180000059003034000976615000238902836500
900070801275681900100030726307046598594718600802359407003007100621894000050100200
460029801205641700007030462370006004906307215508094073002008506614072098059063007
036729801005601030090805402071006904042387005560094203723010040600002398850463107
730620851265001040480530006010450000300198075078362019807040060694005380123780094
439782001200014000050609270095471026642803010870296345000025087503007060024168503
400973251375000089129800063042610037037000008806357900000780394094500020083409075
687000450090740628201000009850002940073084500104930800718503264009207080500468097
030429850085000602020060473250074930391082046008096125000648319900017504000903260
093460001000000308281953004030010425050740109124039860040120706506080940800694510
029748600065200798081500300193056287256387014074100060942800030000003000537014009
709624001465871023280030046912000630046190270508000419850040000600015387123706594
032490851400218397189030206000901070071620900396804125003700418018345700640009000
843902601600010070090040238712504860300200900089361527061409782900026145274150006
007800901601935080900002400370584100800603500500270000160020805728409316403168729
320768050045030000701009302003456080000307910870100040962805104008920670507614029
890463751750000800100005900020658307030002608681734200310007486000149073475300029
400000051790205086060193402654000800912000564308060019280750643500026108146309720
006300400840107000390050720917002583684905017003071090402709065060084370078263040
467000350809103604312654907140200069608410500025067048706021490030900870590030206
460892301850170042310456987103280760028607500605040120006501003231904005094708016
960740000814200036753180924600972018000050690090608007080009270537820169109067083
020987451005041963000536200000095000562173809034600000009060305206319004300850106
032000900800301074174690038506000803301500000740806125967153402058009317400278560
967284350020005649050090270000910506190056037680400102706000923240307800538100760
002783051803005072075004938000437186016859020004600095021576840067340219008192007
304679000065080473187030690401368020090005386036927500240106000009743268673800009
908041050230080900007500060803650407070134020604890013490270085780460039352910000
768041950250780301034520068803652479097130800042908010070293000080465030305810004
009067352003409180578013964830045620754026010060381470096174530000002001040030200
400000352600013980000000100831700629754026000062381400096174008083602701147538290
403007050009403107578219364830005009054006013960380475290174030305000041007530206
060409352425361800300725604870250000051973020293048007008694005046502000032810940
148000050029038704305000062894610320751302090236900005583700601412863500900104238
467082953100459070080607040596208001278510009001076528703804205824300610609020300
000180050108030470000072816030291680897300041621047390586724000013658704070013568
004196003030700100175304900040039502251047809098510407907203640560401200410908005
400008703750690002201570906004761398008052167006080524817006230690207001042800609
090170653800562094510390200005201869900040010120980547602453900380617000001029036
378192654054063100016005280105306728047200036620009000582630009409018072031000860
067391254010725603253600017002056000035812740106070000600147005394000072071239468
060701004418920000057634819942056001835017000176302540620148700700560182001270003
100800050604300819058400600400936000382040961706208040923074185801500376567183092
603012054078304620452690813500026000700930260030081007020000485010243970960500102
100090650094675013536000027468159032070402108921738506710046200059020001600581309
102030054054021008800054310580716009029580671006049583270005036040300895905408007
098137604006850907457602318800020500709508142560941080900400031080010075174300090
602703150741005983039810672004250031015037006327006509103908000008360097490070010
013060950709000620408209137097483216080670049604000783030546070175090460840020395
067001854908760201431528900070102489800600305592483710009000078043876002700200603
907003806603801294000095730008002009376589412290704368809000000004027980721008045
194832700003500009502040030059200610378691520016458900641729380907005400820064197
000090857790043012082005903409317500003520471150060029906702035571034006008651790
002036800030780002070921000360204008000008431584317620100879060058163094600540083
031460800592130470086090201009601028650020714217000090820000340100700982970003105
203174609741090283506028014309200478108740006600089030860010040932050061010836900
872059461160427038043816072080960003059132047021080609506090700000500190090071025
200850761007213050541090832035060400406070310000435698600540283300601579050329006
370500061140328500089700000238465709650091302010000658721600035495137086803002100
584200060129000780370080000063100547400006839850009612701092306035710098200650174
857203401010760030360185009090431706640870053173602804420016007900307640036548002
907083401200764030060095278049031020680000103103002984805406307790328005006509010
807000501356801270021607839940310000068502900203009610534960007009023400080145390
050273461200900508300185207598030706040007003070602849925710004001309070706508902
854273061067014530019005004508036412170000050043152800725460080986327100030590026
000200961210964530360105004590730420672809153140052890000006389980327605406590700
049385261860012900321094800070430009004800372983207146602900000410506003097003628
000239061029000340370650089800020500000170800752486090098760032167042058243508617
003072061420000803010000420102364000354107206867925004948006317671893540230040689
248537960931064500765089432100050800004020050500048129419076005000090013007800004
002539861030006200006170904694321705005708603080000142263810079500297316709653028
708432961600951708000000354070043089030100647590780032081070200067020813920310076
307904561540006827261508400008062730635709204470150689004205370000030002903047108
307904061500016007001570490108060005603780014470153089810290076030041052905037140
070345960543601002910827003025918376089273104100000298000000800260030005390500627
073500901800006473064310805700103200632095080010208306120709508000601002300852610
040289561850700090960504000714060050635002080290050006026040730480671925000823614
000720800056001270012060005081502793035690108470308020900180450067459380540003010
023070901800291040017300285200010004379086500601020009164759308702008050030640197
007500961159706020260400500502871046470603090683920100010360280735248009826005030
950480061072005834068700500316007240080103670794026053001000020629370415500219380
328900460970100058415600937102306570069005000040012689001069700694071820857204006
805300060000501329200049070932067185058093246104005790001954830380006904049700602
004390061070502489900017352043950208095284006102603905230046510050130620416700093
240305001670004539538006270187649325092517080456200197925031608010000053763000910
530007961271030584090010730050008200063092108000064359780001493306009800942783615
830457201205930874470210900320041609504003718108700340981064027650179480000580096
937480561246300890008097032305008904600743180800209076000000008090806253703024619
750304060000000379800600452080206793537019020960003085098705230624008507075102040
709024861006581000010097402401206093037809020062400180008745236304900517075032900
004329800286701349009040572400260080950083010628095734300018007700032490090670023
540309000006051340030840500413067985952483016608005234304918600700502490095600123
908300560200890047370045982095460073700100020000053106580936214400078039609004708
000843000300100058108795032210564000036209507005007024041600389609031070723008146
407200300326701049190436275700684090000320410030075008070902104061040902049510000
080053061360090004795140203009368412008004675146205009910027548620581307000039126
289300501301869024076050983104090076030620000900748102513006000602410358800235610
030009761406813005190726800013090570620571300000008190084005217002187050051300689
038794001450600070060020930700309080945876123813052697591007306000905702670003009
000080501010576928600291000005008219080025004240109075107052480860300750504000003
050423901400870520600015804060000209982631700574089000045068397700302018038794602
723548061000090370950130824807405030310972600090683410209001503030750190040020086
590300060012865790637001050001000426045000109260048530006013042000429678920080310
709050061050261890021800030318900426570600000200008753867513042035420678042780310
750040361080301750610070200197520000825004097064019580501286974276400805900057020
243089760500020849070100000861403200032008904095070080100036002384910570609745138
003458061005601340046003528000030917300870056090216483609040030208965174470302095
003270861701408000806093004195726438000080602082314950209001740010032580560000103
700845360001000095300001078532070900174659030008234500006503729007482603050796084
024005300095060002603002509107009036452638090369714058500280070076903815900000623
700905361800001740610072509107529030452030090369714200531296804076000915048100000
730895461014206500685470329070060902060009715090012604326154897100003246809000150
014578900025360401670400803040285036002907548503604009030850090756190084298000600
800952463965000800003087915052309086086015290070020300004798000091260748708501600
507180063132509870906007152690008741270614039050003000714000296825496300000001405
084259103000803579900761020340986215250000698098512007503628040069005080012090050
700259063120803570900760004347000210050374098098510030000025941400138050002497386
157040900000090720920736815000320001002805307008914056230679548049180672706452039
012030060095820700430071925164052380907310500500098600801007493000100276276043008
008103000300060920002095318840350600209678103073901582906407001005209406034580097
102053900546901020073200000690315002317892005820470090060040030400627859050030406
023098705090357081800610904300845170009170600741200853000030098010080320030926500
731409860965008340240036071402053687689104053307002090800205016076000400000867500
307124960009065070050907401200079800830246710090008026068051204403690058521403607
728340105945000708016008009600005240853720690492613587009057000007496802584002900
590031867743060215806275030600594780258710403074380106069840021127000000085103079
200038067804270100390106800509807010081503700736041020002004605903000071658712430
029043060000972010147080309872360401354208690960457280096800140010604870485000036
529403768030970004017086320072360050001200697904050080700800042243601805080704036
921340760038790000700006020812960354304058691569010087006030170053000840097804036
902305760070846025056000430260001079007080106510697240000260010731954600620108094
004523900006098142008014703042300009003059421509042607061035804805000090430906200
219043760350860140064000003140078596080950401096100837901205680020400309438697000
070052060065710000032406001201907650780600120050241807490060010316524709508109430
834001760270603040950074312108540230345120900607089051519400600482705090763010020
120853700095746100070219580000062851200500036600180972701030090432970618089621000
930082500078540269625001000860005142200400697740126080080000906406350720090067413
529000001071950436003000905206718543000405600354209710002571309130090260987326100
080435071074290530350017824501700400046301297703020165900540610065183749010970302
805006000730020468409710352050070084087041506204860703040007019198052000072100800
006042001301587040027613958040031800000450019508709020970306100000804596680195207
856203471070004030304080009590437612142809003000050804425971386980326005601508007
950083001078604500010095268049807010082046750760102900020001090690328045401500827
300052401407800063100347900840706300203180600900504007604203590798000130530908006
800263000200004538014700006598407002142896053703052049925670384087020060630540927
000342970072000384000700625081965432030400700249100006150890043804601007007254068
938504201605927040007138069194350786000680412020401390700000908309010620402800107
200000801506790203700408906002007000497800312350900760603584000804109635915206487
498060000021400300530189426783954612210030904904200708875601200002540107009000800
490325070520070389030009425083904206200607958905802734076001500042008097159703860
609340801827019345431750906102470068004500297078006034000000083703094602246035719
309000871020890603000003529700309204405281397030740100604078932180932400290054010
200360401731020685064007920310470000602093048907285006100840037400651892500002104
036400901700000826802600030073100682081000500250067103107590060065700019398216754
026090801057000690900086253008972000270100430609054782592840300003529140104637905
080530071050908006010620350560200137240076890179380642030090514420000769705000083
809064570704900360016507489648100720021675800590020000000016243172009650403000917
346082971700601082008079000502867014080153069003924700974300020635008097820795640
800962301100005290209001050781459632430070985500208010050024063604503827328017049
083654971967021003514930006708060010436510290102470560300045682821306040045002009
280650001061027450574031000700009314436508297100473508300005080820390140645182039
085003970709500030314709600801900203903168457006350080692430518130095706547010392
203654070507001428010827003758269014436018090102403800370105082821396005040080130
280654901501037420904820060708269304430500097100403806009700002807090145640102039
003460501160357080004100390318046059647910820920873614006001940450608007800000065
009260000064503009312000005905142630400608297826937004093000540047025986050096000
043009071081047905905000430097823516050004000008005024500908103734102689009400052
096238500002407960301069208060072850059801002800600710015086400047195380630724105
240593801007040060805006400400307618701008009658900034964005327500000140100630985
456283970070451360030060200000324000325010640890675100002107036040836510600542789
095408200247019006860702403010087000034290708786004900408970305000603047670800129
000040901291000530340190862020510407680730205075400390752063109030270008816950003
890526370250913480063048000429670835371485900500002710600130057010850603000260008
420000001007210459109740632750061300000004007934872065670309540093407200840056790
905036471300297608780001000039608245078040006050012780410089063597163800860024090
460209871300000246280704903000308060502017489070490102000076328800003704703042690
045269071307500090609437085953002060700614050001903708570006030290305017006098540
256400801007806095409715063870300926024600307003572184001050742008237610092064530
253498000491007205870015030925000048187049326030801500009152800300000052502384019
500006071072001563000350280900000358027035109000004706280703695654210037793500410
805000471400500600620180090100030920003040800946208735762000149089460257514700068
859200301400931000010507204168009050005164000234708916693000145082400639541600082
060539071070021493103840506940210305300700602206080709030970204024153908059060130
463805000000037480098600000600009802039408000000750630920180067341200598076503024
200865001501073009000109640027396510900758460006240793009634057032510080705980136
942050370080073004000920600407001936329746005108390700214830500090460100073000409
049005071675000039002980500080513062500020913013090785320050090456070028798160054
400365870007208000053719426506031900300620510200904703932476000108090007700103290
034069001601073809980140203498057302000900406300018795006300024003790658849506107
200006071607001008143708596502680030384900602970102854760403005831200040420079160
854960070070504839039187450340006008108075604760040500000090300080402100516730042
045009371607000009019487250053800000782600930461953028000026093298305017136798000
625308470801006053390010682006042000584031067203807594430609800009084006100250009
235000900040007000760512003603240108450106327102078546024081609517620034900053012
340008200800047509000000300504286093100470806602103000208701030017509082963824715
200800070851947200000300580074053198180496007500108426000700630017620845000534712
003084970891020005467150283604038510009000760020006039900763008036890407708245396
456239070010740362020160509090073105001006497000910083042600030509087214183492756
800063500930000840015482003198605037460009058003004269050297004280346015049150726
109030870200050406064027001093702004721048965400019207310296000902405603608170020
581930600006025034030701058170082309005473821023006000008017593059648210200309400
046100072019204305720905801630029514050000030470356098294513087007602150160897403
536010402400500913012000005260090354874025196005000700743209001029100500158476209
069318070080042910400760380200800651075634820698200030740920000026083540051000203
600018502507620031214035000426097000105046009000201064703002148040183607860074090
049800503230517409587309002073058000025973008891024705050786091710200004900431007
015003070090847500460105803070002496000984705954016208541329680080400300739600102
038006004017800052040509000309000026720695003465283019050042160002760435674351298
538100904907038600240500380309714526721005803060283009803942007090867005674350200
860001574157006390309025608018650200000248951920103486086097003001000805534010009
065000974247950006893640521900004035570039608400700102054392007012570460700010000
103058074590000836002000009010309002605841790039062410370005041901480327040700980
040900305000000400150040028508600247670250903900174506283400059790300064465091002
198040600007060903006007010900005786580726109071000052725304860819672534364508097
108240075407801920200900000642100089503729040070486050705004800809672034360508297
098040675050861920230007418903025080580000100070000350705390061010672000064518007
008200005450801903236007408040120789582709140970486352720090060019070530000008297
830042670627003410409761300508009040304050960960070003003090056740310092190806034
200508906860070043400130802320807015081304607006951028002690704904083201078012539
003452976407910250002037004328000695070293408190860327280040530039506041540309062
930604000540280091708000040067400803000715026250368417000849162600103584814506739
000056070570390020026807905400503206600010000837004159000482591285100400941730802
400165000681309204500002610058000001009580002003927506074608125006204007820713469
000003879730180045508097021000071560364259008070408093497830052053704006016005037
020034070009180640540000321082371500063209008075468293097840100254003906816020430
000720981126098700780030200478003019932861507600409328867010453503680002290005876
425736000006298700700140200078004019942861307010570000800912504000687192291000006
920730001158009327030000600062081790014057236093620805080100502271043008645892073
027053680058002073000000524680025709230890010091364052500431200912580307043270000
000000981021830700008519432485001027092000068106280500500708640867305219243096875
076500980021046537835709400000001603304200150102683790648075019517928340093000000
593027601400068950786100420160800002307200508852074009914503270078000010005010094
637002081005398047048100002059610028001054396204809705783061259092003104410900070
300570001021080000750049623845003700070208354003754806480091030090430168136020479
540326981820509300639087420490601008718095063000002190900263517100950040206014009
650372000021680300438059672800745210016908507540206809080561723302400100105803904
067002081521086493980153000706904208000067134030821069040018900158670342079005806
379026080000080693600093002194368257000245000532000846803017920900030060000904138
349006081020701500010083690107360254400200019500149000050604007901032005064957138
697350401001764009534189602068975010010038900000206000985601700070000198143090000
700342500021780096030169724893256417210400000600007802900670203070094168040023900
006732000830165920205809703528004619009528037743090200001056072602913800050287000
496030581000065924215049700020304610961508430740000200109000372672900045054080096
270040901030820540845709236080351620003200150050684700600075319007930062300060875
672040080931000507845019200789001604003000108150280090060075319507038400390162805
250007601431280579700050002028560940005001000003804120502340796094075210367902804
250039601401280009980050402128063007000021068600000100502008796070605213069712850
209700080001248750578069403000651000023480596006302148005873902392506000807000305
025706981030540726000029354000057602290004507007602498600198070510403069079265100
025906001008001000900000354184709602296080517350610498643198075502403000879060140
420035981030001725705009360004067130290380650300002400143008270002073009870206543
006930581530000709917025364084309000259184000361000400043090276690473005070210903
030542081040300672900176543359007428870250390264039715703400050502083000410025807
040572901800031427210489500092760314400123050173004000904316270600247090700895003
075643980869000034310809020107004060903067450406350179600430510701290000048710092
040236081801047093325109607514000370270360009690710025480651732752090060106070954
425736981800504230010290465094680000508000020000300094607921358951073002382405109
752364981401790300083050407800025603016083570500100800604500038028640005005039006
040207301000650000329184650495308276238740009607025043900530000052060100160870490
546200080000603200029184670415708000238940517907315024600030702000069108103800450
962003780104007523350120400210034950843500610095016804638790245070002000429005100
007692401090100360010370200108059600020810905965207040250700800780903514349581720
705692080802040060010008259170450632400806905569200140001700893086503710307981500
673500200091308456405261739760000500002610970109800304526700143830150690917430825
905003081132460070070901004019004768086072050057806412700080540893645127004007893
006000081200700493103240500300519726607024310002637845030902604800073050029050108
470523980285900037193084060052408106030200049800190300024010600300050200510642793
000500600003460507156809342560230004012947856008615003725196000000082175031000209
574600901209548067006197024920400130081350072000001800048912006160700298092865000
574600900006091047109047020927400000418000600653078090340980760860034219090000408
000029400090008503834571960680712000070463090340805017058136729913057800020980000
467509380083700504159843027594030000012974800378005040000196400930082005041050069
467009001280001590150840600594238000000970003378615942705196400946380000001057000
040020680206701543103046020509238700010074056008600392705060430600382005031007269
690003000210098306843501907930280604400905802528604709704352190389146205152079403
075409281240003596961050070710508634530076019890100752420081360153027008689305127
769532081030160097501009623084601000005397010173045902006973200007250146850410730
003456001050193467401702009082031074504060013006004500315027948007948035840305706
029053781300021495100040002908312076503468219210005840090207004032500160000106927
907005080340281000150004620200437509769508002430620070500800214810000036600143857
006207081321690004897001236680170503005020468030800100003012800008000072209780610
795230481360040200200050960509004328803921540000583070932005704107002030406317090
050940380000312975309007040190734520003528100805091000000103604631485792504069000
207946380460012005009007240196003008743028069825691700080034657630005002070260810
207940300400020070000007046196030528743582109025610030902073604531460790004005003
257040300408300970309000006106073508703582169825610730982004050530708000674095013
259060001000321695061800070610930520004082167800000003702090856593070402186000739
209407080001028600368150274607034510930002060105780943042803156590000020810205000
604273580502480000873160090400320106061900020328706450985630742240590810030040060
402090781000312495009748023500879360004153970703426050005960217007200006210530849
250490081690738005700200930025073064106009320437601598069152470300987052572060009
702509401659840032108207065470603009006085124820000603060908010503006090907312046
473050081621000430895300072569001240000090013008020509006109754104000300907543120
473206981621900405895014602169830040752649803348127500206480050000700000000060120
724050301638204957051837026010600035500470208879000614106040002047105063005002000
003965701070000509501083260010376000480190070367048090024610953109850007700000418
000067480000541329143829060510704836300058712086002054807003005001270040025000173
050069400090080030840025709568091340432050910079436802300940678004610093906570124
000062781716050429029100650641283005903605042500400308000024000060019530104036297
506742981709301042102958376403590000090000025875006009058014697907035200204070850
090407200081230060006005300920510030058043720034902815800751040400096150009324678
003674980798001005461059200610037508370002064005416709902063050036000012107205090
346070280700401506150200007071006350000013000063090172610350920200189045590640713
056200381028630540304508000463902075092715036070063890005107920209006710100020654
409027080000000942501800300042000657817050003906702800103504720000290105205173469
000507681961008037750603249002369170017052306300701800120086050000100060079235418
513600080047831590069752413080426007090000005306509208020985374934007050750140629
503074980240000067800952403000027639792360100064000278020780390037240051458090026
970030400035468907008720035194050806703080529800697140621043000040875200587200004
007941580040672013912030764070108005405300100091704026800269400009403608060000009
901705082502190403736002000600548007003927816807361945204003060190670030008019004
160700080507320040238046795010072008400080031809613270743801520980207400605934810
004796582007408093208100700400072908572089400800304075745830020001000354026940810
124670083035914207079280514006009800703000000082001306047006100360152740051497638
014705200026430007005108040768054139031800000092306874203600490049503001150902368
009406180020103705381975642007604058000537004054802317008301000143250806205008030
079420500025783601381906700937614058056030004004805007760349020503102870190570000
500246983602090701903510260000801006000009028290650307859403002036900005704185009
105706083483520009070430500500307108701980620960152340804600201010209856250800000
006205080500086297092107640369504700107369002004718000030602971605900004071843520
612900083908023074374865921100059040000401006009076052060708419403002867001094005
390760580000194723200003900729648135008915600106000849500471200902506310007200050
900762084728510930654030000460000218097008645812645379000271460070403090203986000
007605084308017290642380000005034629006090047009756010003940108901078002204100975
260310904087000205490250706002940153630125478504070092708500321320700509901000860
710009000692410035034027061528304000000871350100006000980145620040760598306982400
060207580058406001342851670419625038080700200027180496290070043075004902004962807
063120005254370600891604007140900000579030068632810954386241570020593006005780302
010207485084035761506184900000010009058600000600053014005420198009570043420308506
900040705060593412052871360510032048384609071027004593093068007076305924145020006
000410386020697514164050729609734208785200103002180697200000401801026905076041802
013520607060318090020079430108967503509002168002850004086240710251793046007180002
950004687764358000821000405140967503500432068032815074000240000000093046490580312
000700600078120403610405870500600249120007500869050137740362080395841720086509310
503020791902030564014590238648012350005960107100340600051000006096251873320680015
705004000100985607609700583257860439000590070098427105001009706904150020563008914
456008301000431756310905040090080267780002005263057489148079600032800574070243008
754308601020706304039154708080067510016030400002815906095001803008540109140980205
406000591539641820010900364090360150001794038360050079103500006670003005980216040
508760090902145378010009256180057602403010780670238149251074003097000500346090827
000760001062040078714309056100457602023016700570200009250074063607523810308091507
050602891861075432290000576905031768030094015007500900009058620482360059516029007
750246891001905400094018506900801062600500318138020045079002684000063100516409030
400708500073501406008090372695387104801200930002009805057902608209460703004870009
860053091271980000390200600056041002020690304043827056489162705502470009617500400
030568490009147030005293000004029000871004062052000743126080079590601004748002156
000008790081050060349170582935002814607004035410503020104025078873040200590080146
260048090000602034045107082390781260528400170100900008639204010807310006410806953
203500701081602534940037008304761200506080100170920346000004810807300460402876950
853204001004651803076089052531096000742835169968040700380410500405008000017023984
680000701295071360137068542408017020709600005513209670001792050056000007802156430
406352790219600305700090000003208657002709104871546039098421003304000000050960020
007302091239800400014057008045290086901468253826700914052604839760589140000003567
470825390000947865589010700800209600690174200102368057218006579703000000954702106
420360801360209057090005320650930270800506109904720685083604500249050068016070043
680030001495000003000009500050384120031002406902156078300520064068940702274618005
078030291400201683020860540700384109800700056042006378010000000067043812080607005
038674290001392078027100630680210007209743056740865012800520160002000780300981000
050740301470321005300058247000800520803502076025600438600180754507409810084275063
000740390471000685360150200090834512803010970120090030012983054530060020084205100
087536201501080460269407350004000680806000700790064135640152903103948006925000814
008050301009031876360978052003010000405380017000540008234160589816090703057823164
000250701650390048270048005490080516100420870003610900007530680010002057006874139
500326790613790824207008305759800406020600570060007980900000247140070650870200100
572300690630712485004956072345091768980067200020000904100024000260500047400003526
527340091639710485800950020040290000980467200206030910152604039060009040098003576
407008090003549000589271000800036047000702308702054910041620709908413025050087104
702360001031079520950041706009586003080900010520134689095010007864793052170052060
042360800000870000518049730051900203380507419907034605205610340064000100173452908
702065091000001004050240036000586203386920010500100680215690347864713050073450100
024067590769104802001039046490502380030008020200046010682495000007003058503781009
360800790000030452004590600650714200140963578930285104021370006493600820870409310
360800790089030450200090683608704209047900568023600070030208906496051820070400315
538267090726419538100008620073600082201080070900002146690005213054123009002096850
238670490796001083104089200300510820020736154000298637003050908040060015580907360
830067200005009800296008007560001004307684915149305620680953000052010309073840056
358462701001005402260197358840000006000003080605000004982750043073900120510324879
300062790741805302096100504820019436059600827600278010908701203073000050512304079
305400291001002504200195087027500436159643020600278005000000043073980150518024679
308000701701035026004007308802500000079640582600078900906700243420906175517024809
002300691709016025600902000345290870900468250800730010158624709203000040097180002
002785490094031576005009308469017800007308009503692147321056704950804213740103960
005068091001007064206095378000010436109603702634072000962751800403926157017004009
200086390019307645064050007406138020083590760925004003042000058501809402098240136
350008000801700356009005480724010600190003570605820014976051040483970025010300700
860315090000470685090080341036000020107864050548020107470590800009600004603748210
004160592709250803100080000490023087285000600371040920613005078000600450508712300
120086003006014200084000615617300048803679501502000300458907060379062850261058700
257008093089035076016097584500000901790010802860000047172856400630042008948371625
753621090860435201024870365298300607316000020470096183030160048000000912581042006
861073004435290708700841000670930820010607040598124637002750386900310472007460059
503278406200036071080094500358910704060740320742063910006007109005081040420309687
010826590809350120002140600087260945900570012325004760004781200038690001290000876
005800097007452010040760520003598100459607080700320905572900000930070258006045730
520060107170050280983217006000109024240003500069502013600025341012800970057491062
356240180879561300041003096105427900960018005487605213700136850093000470008004032
059200070071590000206731500035420900960300700087059210020063059693870421518040030
050049187089500340001870569000482076900317850400095000800100095693058421510904630
350270000080590320200831570130480007962307800408009200824000705693005481010948002
906534180020070005405281769302010070700306201519042036198463027047000613603127408
306005080827391546000620079000402731260057804100839625009500210782910003501204067
000004132924001087015700000502030871607059324043802060050240603076010258031685749
080000102500391600910428073809502740204007859070040320398070210002013468601285007
007865100500341097400020308905402000073058409004930725009003200042017003030294076
890705102527040608000020057960432781070050049003007500409678210682013974700290865
400806002000300004517420360976032001054100073083940020365780219792013485800290637
090470002420350708307800546004530201278160059053082007549700020080640910630090874
408530172705100496126709500502007030374910008619823005000091264201678300963204000
860090150045002963009510748008061039091805274053927016030100090004650301916000485
047008132285010690000000508304605701000700306576103920062839475409271000000400019
090003142410059630683412070000174203831520700274098000708031460300607001100985020
308549072540612030290700405603801004789430006400200398904108603130024087802300901
584763002712958630093010805805179203400020700279004000000030468308000950140895327
500803172012450038683710940065070000431028006078396004807030460300647801046085320
904000160786421005125006804371008040058069213260010758502000087647000930093147026
086003102900058600470612890805069003000507084297080510059230400000006701160005329
580903102002708630073412090865009203401000789297300516759001408320000901100000327
004050103030090527600231040940320870350070690700049235809763452467502019500904706
000248070024000065830576092093405000210863000485017230362004957070059324549000608
096852000523019087408603002005086409604791030009524076057208300001960020862035700
000850190080921760910034082000478000209560871050090436108309650064200319390017248
579402100800957604642810705760020348030584006280306519050001467020030901106005030
940500120801630045053000700397420001600385070582091634008063057730000890460050302
574902083910050624002013095005028340031500806498376512350000467020634901100705038
580062193913408706000003800860100374030007689490080012050270408008000901146090237
835267000020910650096854370063748921081695040970102500640500039700009465309000017
007902134942300060013740950090806040080530790700294380536129408420607510170003029
563270104000060050090054276087406015030087460641920837306002798072000540050708020
030062004207480305040903782085000470000597608760834029803649051609025007450078936
750638090901702803380001000403910205208546301105023940519080007007165400604209018
830750090014030675506490030400970210200604007000500946050040728328167059749280060
067385120200940703004620508640052001871493256030108947090504000126809035050016879
035072090000100350194503000000730821328601540510428963201000038050310270903006410
090628174046001320020000658705000413009004705030765982310890006908056200054000097
093020004046195027120803609705009400289431065430567000012078006000600230054312978
284090000196758032000001908900004601050086090801920543508409326002865710679302004
090006020702094000631825094083059472207300019945270368506482901010063250309517006
693008020540631000008952364001026490420070816807400253010394002930200041080165030
072900140564070892001002060157308600093620780608714053049001000210430078835200409
800243170730805024400106398300910806200407000914638702002080403089304010003720589
742093105900815700010742603028907450000000300360158279001009520459000037203570960
037029080258610094000035627729001408010508062860740031301056809000084210082073540
063427100051800647040065382400201503020004079376908214587000006630700901000006008
060090185351040297790051060036085709000602018280903040629034051000168002810029600
867920100392150678045760092580000900003540286920080704450630800209810460030492000
600902185832157604105040370589406000200381907713029068450000009967200043008090516
730000080802150067000600390570406001029701058013509070351864720960200043284397016
036900145890154067045603002570830921020740008008529073451068709960305080280407516
730902100090054300045000090570006921009700008010529473251460730007000084384297516
730002040000150007140000802574826931029741000010539004451060729960215403203097516
280300106106000340374016090859060037712400069463079820507041683901600752000007914
837904026004700583156382079315860094270100600009023008760290041090608302000430907
753800120021375498840200573597062831206538047400097065360021000072604059000053610
753094126021370408984206003508462031200509840400080000360020700090048352842703609
052894006031205498089300072500400300010030847043187960365021000197608250020053609
700800100031270098984010002578403900316592840240080365065021703090638204020700019
587309046243061000906000072071030059659804030002900618000453001025106784194280003
508307140043861975016549000000630459659714008430900610060480501005006894084295700
800009000016480093793061840328040070960007080007852069001598432080020600532670918
807020050392000070006000390685240931029031765700659284060370849908010523030598010
840950106302104570006702490684527000529030000013049200201375049908416350035098017
580930026390005874120780000039618057000342619012579308258460031941050000763201400
800904106492005078156703002684050901029831760013040200000572849978006023045000617
837900026490063070150082090684500931500831764000600280201305049000406352045290600
000054000400060578156780403680527901529030764710649200300270049070416300200300617
304682190629500304870040000040090810190020500283150006468230000010408230932710400
340600197620071380870903004207345906090807453053196070500230741700560000902704500
295300107417805369006900240950002008060090570073586020500041003041700050739250410
305490000960501082187032450801354906600709800249806573000900730790043605000000294
009654100106009302847201569080003091473006208961528700514300006092000003600002405
489625137130079402200340060023000601570196080901038740310080026700502314002910008
400625080106809003007041269203704001570006832060208045305080900708060314642913578
652080197070002040049001602001640003035009000400253700090436520514708030063195008
495802007020000495007050682569007000002610003130028076601290700208406300003185264
060028100000670095807004602130907256672150489045206013486730000053412008290865300
803250147701380500902010683608975431017002900539000276376521804180094362094800000
000259000741086529920007680602905431407632958009108200306521090100004300094860705
050009107090027380217538090903081572721953408045702013506004801030006059189370200
900640127406297853082015000205009486134800502098524071007003210009460030040702968
005943007407218593009756284200300750301529806046187000602495000900000415004801009
005004130830071260000560408610040753350007006040635000570006320093702681286019504
000863007980100640136479852209701004450086039870004210705008901398000020604590370
054000098609518074710900625040096002090701543073054010467239001105460209900085467
045600090629408375710900600201345906896720050053806002500209041004067039032180500
507906108810430562264080307040790020975610004628045709791860250480253900000179080
469725008130080000258000079320854791084097203971263840005008027890506014740002580
435907000908635700267401095040398027089000034023046819196804250850003000072109080
463297058780001623005008794650030800930824500200500000370080460816043005594672001
093547000608201753507038402021400039706912584059863210060000905900700341070159806
003600128000401000007038094821500439030000685569840207100085976986724350005169802
439572160208010459601009230910050680800103005500008014095230040086491502724680000
046050170231086954805004000583467201169030047700905003000009030098040720457620010
602345198350968007000217560028700610017800325000400080280679030009004002743182950
920743060060219500137806200209364751001028946540190002602070080003002005050931627
400500198008907236390618054700106829001489003689273415905820300020360940060704502
400756020018094307270801400964120000805349010137568240080600974000000502059482000
400706108610094503009050060030109857907000216086572349890615704001003085562400931
439072000658010097071090453010758604040000021563021789195237046000005072020089015
000306198791485036360029457159738000000050971200010080800501304600207009014863000
475002008910300005362518794000109802291406070586200410640821357027635041150794000
470950168018607503500018000050000830201400675006275419649821300827006940000000206
527003009819005304346900825970426003600090400430158096050709048700604251060002007
824030109375001000019028470006300500153879042248160097060204005032000006587613024
037240100400800002800590340143780025205610030086005704001068403698050201050070806
200604039001000068906078452697080021020906580050020694310502876005819200080367915
586037020249081003137209086002010548401068902098004007000840061000376290023195070
005038109082410600041560283807000314134070000650301820503724968406185730000003450
800000169036950007097826004024189506061007000978065402603470805285690001740008620
632804159478150000095620480583491702900285310010006090349500001720308945800900673
500204109709010040104709008302071905018092036900000400003045600295867304641923007
502378069701495230009000407158030042093602000200804503927501304830240916010900025
748030129520000006000027504250360418306015007914270065002094603090652070165780042
005086009903502847021470600048901503137250960059740210500027386302694000016000490
548003126210800073703062054069025001407681295120097038670519300380700009951208060
009873026016054380300160954067025801483601270125080000630508090002746013750039060
568009032001283040020160097614070529230904786000526003070402358059630200300800901
096002138021039060500068040000600825700500001008924070080316054015047086040895302
200094130901720568003518249030401900020036801006285473000350710000107082000842090
208060035300210689000839070080302090006050827725906041803501264000603008562048910
659478132081603045004520098045017326370009851002000074500102407020904560460705019
527409108001875960890013740103540007759300604264197803340000070610002409970650000
059487100801623005204590007940718320300240751702006890090160478000904060067035210
907840135000100027300279048706090010091000304452001870083000006064780093509362481
000600130008035900315207648706423009890576300030809507203940056164750203079362400
629048035007103900310260047700400019980570300450000070293000056070695283500307490
902807136587630002000002857025700901300018500401569008050980210610325749200104085
200900143193824567076010000600157409950002670718469005560748002040001850829005704
002805049097304050805010703000962007709083061060147295084730512006291000010058076
067208049408100605009040800904300018235780400100492357751600983000817020842000760
037809150080025794409710802000500483800003615015068209060950308900100067520037900
420006059006700204018940000040560010701200400653174028275090040380021576104807390
092805067017260500530100289001700830000004090603590072708010920324908716169470300
389020007020709508560030904000802340018643002234907816092506473706300285803070601
030008009900720853000369204302145680015000430684203915001030508800507046563004021
704390002201748093953612000649031027807000000512800034300920410426057389000483076
097050100046801090350460827170028905400197638600034070500906782918042300762305409
097452103216003094004169807170608900405791008609534071531046780048017000702085400
000059060057406293001800045480070600719635482203104057030008500076341809020567004
002806170870000650610759200951027806246385091300691542060043925420000300109002468
380025109000976030009030620690812007008643902230597010052700003907301085803200090
459302000000041000271590643684130090920480531015900004103650207748219350500803010
029305074041090653305107890036521748258070000000080526003708065500039400617204300
200984075749615200815732904004076300060003087000428651001057049307001526400069710
005004100807200690146800000410387509789601432060429070008042716690170020000530048
625439107000500094090807520061200839279058006408690052002900308940080205850703040
600037180007912654194000700400291500270358406501670890012000360043106005856720900
726538104390402000140976820670245900280009007039781042012603009000097206900804001
450783060763020504280050900174006059305807600820549013032105490507090006048362105
005306091290001400301952008038004516562800304417000009054003982023098640000407100
000580091009370485800120000006008002097432010180695304900060507050947026708253109
037864000204139000186025034075916082618203079029080016000390020803670005702050890
000300250215794000030025709120080090456930007709516300061079402300201670872643915
904368051010794360038020074103007695500932087780006020401809532397000800052643719
060089241189204760430710500643090870800400002000873400020001690016920354050007108
070380260638072459910405873003958046090740325500010087007801500050620010184007690
703000251002530907510020000054302019107085602908064070001850406486019705300640128
400867230062030859013295000046900085507020003301580760108049526004058900900010340
000406200670018900014529076461807502098200614020001098905782163100950420237064059
596437001000050604023816970634071098219500743805300020060000350002005807108723469
359400001682309740710520006461007530890030610523001809900782063176950408230100057
495008201080020906620719058907541382002600500158090000504802607209050043000974105
574836001091254003832001605000900507759360000103007962040603159005029076000185004
503670290091234860802500070000920508307086129920153746035090002200360917179840653
364890271091472305007301904175600030009008020680043109048107000713900042056280713
030800261006207438000064579653791842007405910149020350001082000420976100068140705
039800060540310097081209043108060734005094086476038000010680359000021670867053012
035076040602314500701258306000007109407801635059603704916702003070139860203005910
984050201735620000612840753157062430090410500040380197870006340020570600569034872
009753201000026054102098670004010732206504108003200000008372010021065840005841320
500970283006485090009213500105024378823500416467030952300109620000040839970360100
907650203300080005008039041750023498093060520020500000405802010680945072079316054
650198273981732400700645108015276040006914820402853010000020061007069082060081034
400178253827035419005004700002750004043801592510002067008000041301480900254903078
081657004007901608062084197320009561614030029059100483000208070070503912003016800
893710200721940035050328109430570002210609543589032607062050798008260051105003400
060078050002009187000500693703852016006000705910367028097080041104795802008400570
090080004152746839684039517020560400067910020019028605071400000940872153005691700
907000204104080050056400900670308542000174030843256109409825760062730498710000305
978501060020068057006472008681790040290080036743056100009020801062810493817000625
