000002680008000720672009034950081000000000842000640010800004070026708100735000008
600000745040700039087000020329000500006305900050000016004520068075060203000009007
369000000000000839507000001023008504000300002000200300000500100005007003092831007
019840000703100040842700001001600000000000070000900306000090500360080007900036008
000502700100000029030470080005047902426080070970000640040065001519008060063090000
089060003352000000007100005000000000006750000400000500020005430000600052063804100
003002060500370000000500003090007038280609157030810004900058370002700400071094500
300000701001380900800100300080019060010040253004200000028673504000920100030850072
109502006305000900420000050210000400000200000570003060034700005700300609090065074
009500746567004090002900513046700050000629400900840007090003000600107320073058000
030000040261004007405000062510000706020005000048000020300176084106040053000000600
013000040004100052900000031040006308000000000089005407195000004400090080328607009
006190004009500000000600590640081705000300000007000143064000030000400007700800450
306000074109000000400000591040080700210070089890050003900015000580403017031029056
010762043000000680360900075000149850790008021581000496000000504100005708400800230
468002015070000420509004080010000630050100040000008071080003100705000260000000398
400860010000759423029010670000500800256003000098000500902000100683970004140600000
007032016006100070000067082400020500008314000000005001750690003930000008601200000
408302900000710048007094510006405001000007030704103000000540307000000050105030069
004090000601000390300605007000578043439061005085340006500000030000000780807900100
040903070561702300793100002102400030037000860000070000004000000625000940079004010
500960200600000000203170006062000005400021000978056124000090072856000000009034000
720000800030415200100720003000000610000100000008006000071090406482600759000004000
009070005401502036705010042503007698690004200008050370000200500006740820050060017
800003169070985243300002708060000804000030090080609570018006027600008015000000000
020400000180950040000000800000008050008530700053709082010347920702805006094001507
000000004650004700901000000009000008010769000560430079027000860080000593095386427
627000904050670000018029675073095000890260001000007050000052000060030507032740000
800000015357008090904025300080002007600081502045000030790850600432106809500200400
584020007900000050010057008050700460000805032007090581009061800100370600060004000
000083000004000002093472000010760030000140090857309100000206080000810000070034020
740803000800050000000469700090500627007930804400070030600000000000004000954016378
456000008300005060010027003560000012230950680000000009083002190000510030005000000
406000520320500060950020700509307000004910050001265400600002005042000086090036070
001053000300000009900170000006240073200000000087300520130605200050000084070001635
050923000040005019008100325010000973003000060007000000034080507620700080800400032
010900540500018032000065000040200769090507028070604000050370091700109003139802670
970100640000405300000697020000000290002974005800050467097000000046530080028041050
000063000004719600903000002500000400010680090008592070790350024030026080050000930
072000400346500900090006000050609180600724039030000040000392000900407300703050290
009710450070050060350946017030000700807090000004000000503260840006100032100034000
480200167000000050106080002040060000308100726610072000931000074004017230072038000
040800160268007903301904002020000050000005200000000000002608791080000030000500820
000800200200600010106090003000008030800200070721009000062000058040007691510000304
400080000900500000001000020640008050250034690190050843860370002000240030004009506
800010900000980621900000300000062419400070062201008750004009006050000004609840100
000003206080002503020015400060079000000356001091000000500820060476091830000030090
040820076200006903000000002000000050010085000003090010030000600180069705096701000
195820670000710095003690100007950800000030701038007006024001500750409030080572400
586070100000400006014060000600020380040100629000346001179230068063000200800090403
006090000900010500814050000000000000047185000005300710109034860400008000528000073
000070045030010076004000002600050304300120050500306020100200500000081090050690413
700080000000407286814625007090750000300002050000300791008004060000000012059001073
000980047930000280000020900601758320045102070082346091050000769000079010000060050
004060085581700090006058204190030002000020000008500407800610700050204001602009540
040903020030001000000000803287365900006090278401080500002000300073009480000030005
900200064200004003400079052506702040090510006003090000002000400010007000007925610
028000100500000040160982000372000900050731600006205000907528016001000082000010090
060403007009700100000900004002039600607050010310860020173000040026001003004070900
009013204200490100001020050690100080000000319005070020103700042807001690900302070
058703000039000006000902830300001500100500000502000714805006000903004007001390608
060950000850201070912000503600010050100000024034702000001000062086104900090360481
564000210073240650002608700020000300049006820035700096057800000400025000001300000
581603000074002035903845060090000007710080903352710084000000000005000070000000500
708050006010278000002000000200706834600900000040020060084097600065800000920000385
209710400000800000700500003601407800000098175050130004070080041305001000100070060
070263050000000000360400872590000720716540009428009060900050210000000000031007500
705003400210459000408020519000706100000580300300040076047095000000108940100370008
259800467000549210004020950090460500008002146462000070000050000300001000006300700
081493070000000830903850064590324007016705940074010280069238701000001000102076090
980000510705000009003000600098004701007080900300000005070038000000040000602510490
002000006583460000690207004300500102050020093209000000410070000830045201020000005
027000006691520800045800192100002050000000609009357208000000900916048000578200060
409800000000500040070406102950741030003000050007000010030005097016084005590000061
089013026400000000000000103300090000090001068001806400930160800146000009820349010
007003520013005079652070040369000050270501300580006400000060084040850030900040600
049010008080409100310806002856000739002007000900600820000590000090002000708004390
200010060005000100300906080056240738102007050000600000003529007501300690700000040
600980074904705300057100080546000908070000000200056040830501062400072000002090050
402790080750200690090406020020670009006040000004002000345007268600820007007000000
049003007000009003305764000000020975058900062000000804000080700504071208007092056
000010508001006000305078000473020680050860300000507010000600801000741009916302450
004000098000000700000800000000120005000408302680507010047690001008041260010380007
000013000904070510000000003026000009010060705007001800602108057783005091040030068
980203605000080002000900000024000100708010500039000200405608300076304050390000000
080040010653000479001000203500000090000010502100009048000008307000304900090120060
485013602900060180010802000050070900000000003894350706000040209100030070040020361
074890650100405000308700420600080004083002000015007280002970803000000002700000900
127050690009700001306000020000006002073000856001000000000030004658140009904625007
750000009001590743900000805000052037320001904000308000000004390000830271000000450
000103620091856700800007905600582100005070090000300002500004300008900071000210000
456920080930007200000614900005009047000000026000000050002175400090000000570092613
005090740900270013040005600473006200600009370090007064700000005039700106004001020
004203051100005080000807400760000530000056198905300070570042800009501027200000045
500013000071004030000080150003652870802071690000000005000169007710000020080000001
065043012401000000087201000500402070000000000000578609034607500012080307000004200
005043010420006983087001005000460000000310050100080029704000000002905300050030000
000010054004000001007000008030051469506300800410709000071082045005006002903507100
005803704489600010023500000010730200002068000030010000300006050240059008801070690
005400020004750308306000010000000053703500041000000000030600004009300560608900102
085410006021750000370000400190060003063502041000034000000001080209340560048900132
605100092000207005000509406036951000109008037400306100040790200000002901003604000
000100800102509736000000020040000900230008067560300248914800600000010005850700400
760040810020070530098000007500400183000005000043780605930600750012590008007000200
760903810021806090090201460570402100000310000103798025000609051012080009007000000
096100000005000200037000000320001506080056002060237098058364701003700000002090300
002680954350900672060020003000050020020000001901040500280096305004002067000800000
026830000053206080089075003000058209902000000000040106204007035000000002068529410
000004000150200304090105028000350000300001009970840106204600085000010002000020003
000004070000006090497180000601059207040860009900000086200090030000010900000070400
000030080050020004090185000070050248302801700000240000204600005030018062860000000
090004001007630400003100000000716584000043000064508000080097005400860073079000010
093004100800500700010830006900648213100050000000901800500083067030270000000005020
605004002237009080014000603709400005050602008800000040040703820102008400300040007
700004612600010930000000075027681000000402060086059200500903000200708050860100709
509764000620090008170300050205600000001000500706000000907200040008050320000007090
300160027072009000008075000500896410006002305024000000001000040749001203003000590
008074003030805000500103070800060000400008060065000000013406780607009050050780600
001304807800912500006800009409008000000700000783000040040053700008097064007080102
000000030720900000140080000901070260572000009000090000007340600000620713030050400
000924530020007000703005020170603005092000046360000070019000702400200900000009008
000000008080510002400389075024090001030000704009140003308072510007036000246001000
020900001701020400030100209070031005002860007000000802010300086006009024050000170
000730006700062010204000030481200075300008062002005180008020040526040003907500620
060704002034010000725806000200040080480060000900280560600328095090071200372450000
010790000000613900000800170504000080000405200700280000000020740490001002382900501
960004051010789064002010037601920045070301600089600020000075300100000070000102000
003100800000020093020308057000080031370500620000063000000630045000010300904005006
000900002040506000000007084000005908059860007073290006067000005005702609090608203
000310709000058100901007504082100905004006308000200406000460801460001200810000600
820104060135009720600027030050000006000000507270060000700000008402000600580700000
008020076000300840010006520805400000060008950000069001001005090750040638280093000
005800072000752836007000400000143020050987004100020703590300001030005687080401300
003100206000573090007000051000940007509708600000026509001037000874600010025890064
003184070002070090080209000216305087509010630000020501600007800000602000305000764
100000007600100950540976320460500000380010000070028400059002006030000000710000000
000000000598062074000800009900503040300000050005091000003000408470058010002400760
750004096820705030409000527001050000090000040508000160982400000004060200000000070
053710000806095031019030000740000080600083040000007000007420600364579010020308070
600014002700095031009002580800003009000100005500906000002461803364080200000000004
350024000610000000904713056400090800029038060030006901790005000040000000060000500
305004009012060374004710058006002030100009006008070500580000600700050002260300710
375000000002970000890100057000700000028030000930400521501007040000650002009348010
067034105400008073138060009010400902090071864840952731050029007070003008000007000
000350076001080005006100000980000003060039050000000069000400590029003400000000600
059030000008560000040090835860050340030000950900000000600900400701002580000378019
100080200786000030003000089001065007097020000000000800074000652008207390012000000
090084000000200060512073980060300008000908000003051426009007000051420800074819000
805034001097052608412860700258000904006200003003090580600000300000620000700000800
009600000051297040000500007908001026200056408165020039300802000004005160000160080
058600201090080000400005607000071000273006000000400730906000800004003100007160954
000004200082635941000000380019050070000970000307000090003590400000000000000060010
603700050092030040584106000860200970000080020327901086000000400250008009070060005
009004000021030049004097000500000070000970600173600092005000207310450080902000034
078504326032000000010000000807940601100050030050600209000000560745300810060405000
098000305120000649000090010060470100000680004050031096080040067400000053000000000
080004075004509200203178000500080147020007560400050820000090700095001400602845900
000264375060000208250000000030182040028030009010609020040006000005020400670800000
605780302020003084304000000000426017060370009107008006800100000400035001000007020
200010000000007900760200400900080006001069004076420105004000009009070040020906300
009030570582060034000000986260500003005073098093142050701000040008420001000017000
308004670020003008001067000004100000000600003905042000009200810000000269010490030
010804093204003100000000000102008700089700001060001000070035000600400850501000027
000004008200080503760935120630040800000750032020390761900003200013000006000009010
300084600006050408000062579008030952003200084000000100002049300015723096000018207
008200003290013000300000100051020936020186500407000800032051080680002010009030065
050014600090000054406000102504030200000009473020000000000006901600001020000420507
580004001300180004000073080800321900000807000000050408700205800000009040100468397
000064782001800543040200100008590607000008900962000051004000000210006000090000000
060010025010067090849200007086000740070682009005041000008109000007408150000056000
060075030305400280040003900520000000080007302006080070002706800054000703000008029
043000900620010704001304200000000503134000020000032400000400090409720800000080140
640025780000094005003080000070000002126043950400000060002700846860000000900400023
006120000030006721102070000801009456060218390097050210603500040250087009000000573
000800034300097260004013078000368450405902600000050720008000500030540010100000047
620890000900000260004602908792300001015000000063054700048000506006549810000280000
007800194901470005524010008092308000010207000003004900000001506070000010158036700
800370000001006000670002080060100928040008300710000654956031040000000160182564700
007300400041600035000094200170420093009031000030060001704800350062000100000207040
480005700970013800015000006098050407147900538000000601000170060060080370700036109
006090007100247685700800320061432000908071000070600531020900070340000956600000802
800905310702000005000002960000000051001469000306018400419050280000291000507084096
006000002084030000015269487002300870001970026079002000023000750000100930000000000
976000000080001005000069470500010000400900006090052040000006950650027030000503267
000005900090201000100000040040008125201700680009102407000006092006079051000523060
602300908090080506180060000000598002201034080000072060000010007400820001013000820
072005000900080500080930200040090120291004600850100079030010000009070301600000004
600030810000000600109600750070090564001050000800000127086000201032100405014520900
360000001079800540080000009400070153010903784007000960951000238703100000020309400
080000000900200000000080039800712340010040000007690010001807053350060472006000891
004900026035006180600400509869710000010040900507090012001007000058004291026150400
000040328100723605000060410263000054001570230050006000000350000000010502010002903
406090700702016000010702000030400070000009053950037218007000000500280300060070982
400070000100690074200013068600908100970300806050067090010000602720000000300006010
460075000080600010000010060002000107000024800800760003078100000100530900300086501
090035007007200000100009548206000405035042961900510200082064709401000002709000604
100305007060007000070009003000000961000046358000010700096830010001650079425000800
090005000050478106006002040901000008600010009038209005409726000267000980003984060
780025030000060090910048020507100002200000001100006008050417203801602000002009006
040070039000080040057060201413027000702000050095043102000001004504090010070000068
102000039043200506057300000008602000030157200065000100000040052520080007000500001
847925600610030000020010087064000019390057000000104365400000000086509003739060104
070085900800900004000340700300608000600012873280000000168039000020060307730054186
100625940000007301900100000090800503860372409000450000300040000051000030007500000
002005000900100800058003900000376500500402080047000010275030098690047050080200007
047000309980264010000930004500013002030079501060000030018000000006001050000000106
040010300005870041018003270020048100400096587000300620004029036002000010090000000
240005060305070901010603200024060100030000087789300020050029030070506000003400000
000010000300089000500003827900042003000950200000000000090120700600504902020600405
400305009000260000057490000003080070040070008970652310700009600065020003009040020
001000800680003000005006231150270603236590000094008010070402060502017000413000720
400805070637004900000003020000300064000010093008509217000731040000908150190206030
421080609085009000030600000000000090143006025790500036256897301000201900800400200
169345002352000149840009036000030058008000300030100090000006000200450980004000000
062070104070940030300200760003060908500793001010000300400618002000520470205400000
706900180020000300010308000500003900280094761094006850009400008800600509000009400
000005006500070002981020405408032090605800304039040058000000810096103247002709000
402000180000321000000009260100000020900062014000140030057096001369004800840050090
629005000701040060300809000500000694016000005800406710100700906037690108004581000
713040080090006300050002040920500008037000020184290006001320000045068000000007803
070900400300000020200031060052098000018700032930014050500009070000043608090670305
100470002040092000290000400000060901080540620967231500010020745000100060620004000
039870140000006009150020600007043026300058001000160390000700000900600705004091000
907040030650839070003106509048060097105000024369000800806000200090008700010000960
000000079003167820800029300000740090020398761000016200000000002100000000690201405
009300064340691000000040900500109000186000093000007000697402018410006072258000009
070005096090006830501008004003760402080200000700004050000607020600003540030500008
000005206000009050605201008008492060004800000090500000500128409000006012001904000
090000200002040009075090481709003102643120098001000000030070920006580000420009010
060000090407002050502800730240001060050206470300004080081000300934028507005010000
309040000008602000200090840007069403000700900910000750080900530092003600635078009
000005300020090754000020106040070008230000947060040030690000070002030805580000093
009205340230640008406030290360900150020510673010000009050097462093400007700056030
708095000000068000950002080189540062673000509000070830000057410006024970040009200
704000308006940100000803004070500480958400007601038200160000070083009016007600940
940060301637008040050300020000623408010087006308004092470830000000090074000070103
900065081600238945850000600095001030034890506008304792406100050020906000089500004
000700000000200060060003872027300008040021093009850204912536487000400520000000900
003000400460813950090006003600090000320600090009340860040060000200000009080039210
008925010000070000040100700900781000020500871801206503017490000005013907000007002
002870400000030502090162308008307100901000637007690000409756080065900701003204005
000005000000037105510804093070006000900302000031000209160050002080209500720680000
090005000700000029800000300080609270900500063200030948008000500670952830530000010
801295000200100005090008000053800040748061350020300008602000500519070000000502060
009000000000684009605973140000736400527040006000200080700512904050067800000090257
304080097706203010090060003230010000679000501801050302080571000000902000407836020
300000602060004000502600700057201060000400000000060000800906531070002004015308000
300015000001020000452693010000001060206400000030569407824000500070100000015300070
820430090050700040000080752005243907090056328000000000009600534048329100013070009
082000014400028000050070003160030902000090060000680100894000300001800000706010008
100005700856000401070800005605784390000000500029063800080219000900408073002370000
900000720170000500235000004001063009702000308003128460057602040320081000000050030
809040731270000000043100080000560004400000800612384057007008300000900070024007098
340010069000400000970006010080020000001900583607530042100000928800042000002090006
100000840480000020562034000015700069000000400047608351038002000090487506000000180
100300006608901053500000190050004987800000005076500000400003600700420010260700408
014270003000943571300100294000600000809007000000000907008060710160700030497800002
020470810174060320008032004735004000000600050006053200400081500000090030300000600
900075016104000305050030970730900008040000003010700040062091007590086030300540000
700000000120400900950801470239058000805740020007300185000200004070030208400009703
020100004000078050050902001036000000800203465010650090193020080000006120005000907
200090800000604012058200790005003907000000040020500000891000000302008409070020600
060015900540900000901600758070000000096520073005007800020130580680750019009060300
000005020000068030714300685008000300073201040400030001000000010561800090047603008
000700001000000673007100800900540016146023000730600004614070030090061008870000160
280000450451200003300050092000507006106043500035000000600875209090060730870090160
009040001050289074060050800900030010006020587020000000010000000002061000070300160
200006740700950000168704035401009080000000000080070093816090000000082600004010800
030000000062080930004000801840005020000740018200608000427500106080270400009000000
080006200230000010051430870000854390010009408408103705006000053000200187070090600
005016234000905806681032050060050301500080007007000000100007003000060075750301000
070006400030005620000020800060200580020000741000547002000000000207109350080752100
200010405401370000006024810800290040530040000000500700000000008043000206620703104
000400900047921003000000250852009070690784020034500001080600040000090008109005702
000420310400507092000900080004251930050700001200390065967000003542809100003005240
902500800170903500056187000010068470704300600000000125200809354897400060005610009
930000000071400852002000690006700080000610070700940005360000000090000546257000001
400000203203401800000300000000600908001807346680900001100068500805000602060500100
390000510421050006706008040285604000904700000000923058800071620000039805000060000
000046000030021600120587094060000700800000943200039100003200060610708500002000079
407006318320170000008503792000490580680000000000005000591080604800059201002010850
020030008309000560100540700002000000000021050050000000001280605000009240000014879
000920410080000652020084703938650000700010060005000807000200906060009020003865074
100730429000000800607200000000904007000800000709163000001000903926001000304605002
100936427400000000097000005900603004586400000004059006009700000200001008603000750
010356720003009564002084031531842000040501002008070105004000050000405000000060000
400056708603020000852090601530040009706900000928503104000007000190430006085069000
410006000800120040020700001030042800700061050950003004080000003197005286060208410
000706008067082193302000650900000004706008009030079010049807000000300005000905870
009700000067580190382000607500093784796008035030075010900000000078061009000050070
010050009073109004000084000030000900702000068056870100000000003187400006090268017
850040007039017045074000000005820000080000470412379600548000000327080009190050080
040006030070403008020800764450000300007092000912304007000031000790645020100000649
800010005060002079703450008000008790090000000201900004050803946080071023032000007
940500030751000640003120900009005081000900300100000509290001065000708000007002893
000000540380190702000700003498010000000560009052400007041953000800201000500678000
000080000176000000250000306000000000705000000004918705542300968007029010900005002
040000000105827000000000030981072500356008200704600000007460300008000014063001075
048170900107000300960020000050000007210700586073080010000000005000030000000000003
008356071406010050035904006627098010003027600009003700004200867000040000002000000
010056870600107050507894601031009200002000009050000047004000093100435706000000400
419350802000027940000000601031602050000071386000900104004718003100035200005009008
000080000700900000000050200000800507009703400210060008070608030000230060100009802
000006080020000570010837000000370001030049060100000730970000300263004058400923010
000390701078401609100207000000079000705602000020813500580000370000100054000005160
025390700378001009000087035000000016012005803000010040000964300600000954049073100
500000700408530600090287500800740000010002004960000000381960072640108000059000100
004300280000010650168500000389061475200080300647000008000008000020690030003127000
401830090702010600906050430000001040640003502510000000060248070020397004000005829
030486000005300000020705000003600502502908017080501439800250000060009200000063000
000080000001403075000721490000050203253908617700000000000010060400879300300060058
005000002060014075703052004000700300030000000008600000179063000300480297024500603
040090030900000005800500907580009306000180509204635000009260804000008000020000673
200000104904000805700854900520000000630000500098600000009003008306081290800007613
700980034060007200803524000501008326030100500002005091100060400350400010049000000
020900107967004005003520904000000020034002008000600090108203000000409000279001003
000080073004230000000000008009000002123079000800500300230007600070050094008162000
930846050000001069156000804000500702248030000700214308071000000003025601024000080
300006100090700826001500900020059761670400050910002400000007002000290610056004090
800000040000012008200000003008970010301060700590034800963501470702000081004620539
070146090000500000092078050200000900460201300750900000026415038000802049000700021
000030251000700964010000078760028000084000600309000800892065740000003129137400006
090800000001290000702100509000010800007652301100038406670081000300400100014520600
403006270902005060007200000000500604000300900306028000620049350709050146045610720
003906000900075403567200890270090034150000082609428500091000058006050109005009000
007000200060807190010040730000000043004300600150000070705000009041793000300001060
150076203006000851090010000020060019009000062601259078080600030300000027402907605
004500000002107000000908370920000500018305029030080146800004932040002657009000000
090006073360700000002039860000981007506000104009000380907000400000090030630004709
000016207706238500009705060081507000000420608040090050007080005500004020130650074
890000230002570896000089000906400010040000000708650000000025070500810024037064085
900000008008200506500080300009008031100730620650410089025090167041067000000000800
000000230060000405080054000403060021015080060600091503030000690150000008920608004
308970040050080600096302700005098002003400050607500094270003061501200000800705923
000196004001728096000400008000602509005987463670005080910000625047269000000000000
408106025200590080005002000007030000102700040080650970040005000070418000821300000
508246307302190050000538000030681090100009006000000000080003502003072000600000040
158200090000943815049080070000090000000008430000000000060051000004009001900402000
050000020000000080183040065600071230300050619009000500090000000030004800060789103
057090320920310080100040000005970000078450619009600507090083470700560002860000053
940870050018000906003410000000000430000598607175060092080105209001040583350080004
500010307689304000007000060006040502325080000410025900200000009971402805850701020
029000304000003000000090060902000605100000248460025030200400870051800490080639521
825000394900840000640005107070084019000500040008020035200000870080000400004030900
010826005000095000050700200000000300400100026509063004300000601200000003760934050
819356007037009000025007060004203805052900070000100000098740010700008940200000000
000700083630000510580000700100007030300000070006305840400070390790008000053409007
302900407058407030070030502080040300700081206000300008800003025000805004507200000
071000400000008560060340790050469270090003005800027010007000006010690000020000900
170006003034708060568042091000000000007100040800500000700034000010695007625870034
804006590090010326000590000279360804068050002513804070000130000000947200000600000
170000540005009020300400007503002160604301700000000209000503000000060091030000050
179206048005000020360400100003082004600090080918000230006700400001004057037020010
004206070070000060006070049007360900060050120003904000002005098791600005358700410
047000030830070920000090000020034000000067382603008005000600207506010490200003008
400306700001700030600002000000000050200000060000075298143067982070049503092001074
200300700953700060007090000002109450030870020800042130320907600509060010046000879
800516000060947080705230060006800000020000010000065200000080900600054820300670541
509046021401075000000003005040021906023090800700000013010708009008000037600030500
540306700800100400010509603000700009701000800350918074004007500005001007902603040
145000000089000004720001080000005269002060100530910807090280601000000370801000000
000806700400300500000041900610000040070068035543900800007204001260050378851003490
900006700001050340300200000840900500000825010100004087400083206008670090200400005
009040800500931020602800100800300000004000083020408000078000900005080007001790050
900136807700285904008090003005010098600800540040709600300501080080300170000900005
000056073087000600356000400000508007009610340025070900030005219000720008590000764
050006020020001090090005430349520070805073240017040300100900000002000900900010002
900030000310005002040020050000169700270040980000000510008914205002307090009002000
020046071007900500000080000040800010000460000008200053800102700500690308204300005
002540681000000070701020034130052408840601200070900000017260340000000009580103000
056247030030806274000039000080700593000510047000003100004000002060070015008001069
094807621106000008800140005000000196000401007071620000600070009713008502000010760
605007030081005006000064050152700603900020807040930000504000010800010009010003704
690000401001000000300160008050008600006510047708006000504000312073400000209000780
046900003700028090025360000060000080308090072057100030190005068000010000580000000
821950000000020700040010209067405800300860970400730610004503100000006500000009060
090507000800000009007910064000601420250040001064002300740000900500060040000074105
006200408100509607307000200713008020020000003004003061400000052000070146001054300
060000405140680230935100007000342001709016000010009060500063020380400070600090050
260037004007000002030000780006342800800006047013800060590063028000000009004200153
000000500481005267752600000000400856040000002620308109060000000003000420200780030
004060003000050007907180560506000008000039602309070001095004820080620709060008040
080000916001008030040000000000043500009570082037012640095000064000005008128090753
000007020400951706093204850069000004000640000000829300000000600824000070016038000
900467120000000673000010000600039014084000000179000000413906057200003908090502001
090150024105062070207900610900000706050006000400070900300419080004080000000020060
000007006000390804413060792140980000000000051200100000090040008050600000360001900
629807034000040000840000071400130890390000706200978005100600950905080403700405100
029050431070302000003400000500030002000200000080975000058000900964001520002000000
800007000014390700600501020078004003002009548300800010950083002003106000080002060
009020401010430569004500800008200703100003608000040205960000002003100986000960000
000000034007003008430920016300010007000000300700358069003500000000060020090730005
000010008800000700003025600100060080307040002000059413078091000435602100020500030
329000000601005890400009260100500742200401000940826010810700009002000104004150600
004307051700400000035002040090000004003014097400005030059840200002090180000003400
430067900869350070000040306082030060573600800000108503004280000000010007020094000
094317060108006237000852910000025001003090500900480000080069003070004080000000402
200000960000208070040000020060000010410506080000810004095001200674905008008004050
008000060020800070000405013860200000000000020200008500042781390090540287600902150
060507080950100003107083000000050849480009075009830612603400000040900100000001000
059010603401008052700602910000000000000073140012084300000006090020709030007005001
100020600000940010480605000030004021094000300012060009800159003000036870300082000
060307190981500200304200865003162759000050000010070320408619070106020080000000000
908020030016490200532010407094000600603000000020601500080365000470009060009004000
300000100800020067000010000203000005075000843460351700000109070040260930001005080
900037145700054698504006000180002000000009820240018069070400000000620080400075013
000080150005040793002100040250760908600000200000208000010000620070020080000806300
006827134008030906030000250069000001070040063004006500001000089500000020000703005
000007080040030200080600570070900008400780020090304700210060807050070040760000010
000827060020000040000500000000008700270031650013000092000450080485016000360709510
400027000620003500100860000050048700000031680810000402090482050548006007302050800
540600003600093008000800076056040031200000009800900450790480300065000007082065000
953800064020090050000065270060000040300200000409008530701530080006409007000780000
900807024620094003008300079069250701075600290010070500701500080500409367030702010
050000104027000950140005603268050740005000200004000530001080402090403867406700010
090007062000000090600090000000803700039070650867000203902500481000700506000040020
002050000010002508800030609000013060346070000190006400700000280080060705000028300
045087200080256074007003000230604087700000000060005902010000008308700451070001320
438017260000008050005200807000000043584060000003000582800470000700850000350000000
104000000730060085850034090271090308900001000000700902000940070007603000300078000
830500040060008000004610000670051400940030007015070008026789053000302000080040629
600850200800030690347062500200000170070010000030000000900041768000290300405070902
009007030850004009300060500000085106006402800138700000000000008700008000485673921
805030200324000000190000350000024083500000107280703564000100070000208405008300600
193650204000300010000002503004000805800000070760008301208000000076520000540876002
000000000020080006010650000760300200050000030200008600500730400004215800192860500
000097300920503006000600000760000290000900008200058000086000421000010060092804073
000000305000830002007015809009060003102008090000072618000000700001009234403001906
920000000005804000037500100703090012080006005041003970804062090006000047002945061
900127000500603972003905001070008240004000500050001093087010609010790400400000027
042000350007405600000030400760109035280003100100000700430050270009310000508000913
950000300803000004000034007062090000040203000009051000400810670020700030090305128
000207000000040700000000000019000000530608941600014002000000200080460000206039810
000607000064090007087043600803165904010970000705000060340009710078300000001006300
000017400010084070780200100960000534035900001007005600870000090500000047342709800
000007068713000000684250103008172030030960700027005009800500090096800000002000810
029030000003008000010000002030004000090015004100072698600003200904200800082009006
032900008000608001086043000059300810078401509010000006905700100300890450047000002
000107009100809530000000041900005007005098020030672800600584003503020408200031006
950000630816009420000008019009306170507002863100070090090700000700603980030000700
009407012005000074407000003601030020003520006290068000000000009018040250030270000
059207040810005600020400000000008060500694300008503010700002096093040057140750280
965300810420050903370091065000002080006000304147583009704000500002030740000004200
004067800000000060067185000000500100020716305700300006008470610170000430400831070
305610029902803067870050000409000000001060002000001000008005270027106000094028030
596107840000000310071840500042050780005010000000000200007090003904000000200600098
025040906817926005009000708000104007080003600103600800076000500501090060208000070
028007900507006030009030700002084300080000001000670842470310089030700000090068073
000047010000006073079001000003400107090710004000093605730629051002000709908170200
040007920000000003907000004430000100050100040700400005002098451095004000800001309
200800030000045700987306000026073090009000607708400050500698400100730865000051000
045807906601040702007000504000070008529003600008000200000000020150030860064000070
060047900050900300000501800006270090925003000048000000080190634204000000003054009
000078512000002800238400906070895000500203089093010045000030608000020397000000451
041608002307012004200354970600800100519003706030100095000030020400000010023000050
040008512600010840200000076002060100001293000000000265795030028000000400020700001
041008562000000003008600971000890006509260704060040295000030620000500017004780059
000900403003700900090305270081620007007050002902804301130000025570296100200531700
000030600500006900000920351268000003050064000400200000005040000001702400040891200
079500020002400000080007051208009043000064812000280000000703000390600000740090000
035040900800200170029037405068070542900000000200800069003516090092004001001320800
000008004000000005040000007080401530203000008000003070309046080052789040000302009
095028010000967820800045070083010200014000300067890050179004080000500040050009006
350700000040130000700005006500000090090007103000090700003410600600073020070062000
069000010040030060513609040430057092000002050020094100200000000006000020970206000
370058610005134000041267005000000800700003000000070100607000201004012900029006540
940700010000000930006900700090184527084000301701203480000072005000060070060809003
040060000700951002000200060000030000296005108000192000004007305820314706007009001
351000600000000308800900001760200000008000000130000960200360400010004000640100000
309050401000001807700604953007860145500002379003570000020007500800000000930200000
000000400450000870000624000000803000086010300003070260020100539900305602800006004
000100700094602000028007000002000390010063000003084260000470106040050900930000070
053060001640000380000040900000000040004002079890036215000000002470029130000381760
039610000601970000470030910154069000083100690900280041800000100006000000305026009
070308005040020061000000800009106700704030090300789200000800376500073000000401080
040900030800007000360054007108640320000082079000000064000000608426805000903070012
070028509025300104000915620000003090002000006360000870006030002400000010000004068
006108500000000981510009000900013067020000109000000358052907010000080020801050003
054020030060501970081360005000100000090000010000005842000019003639000001175836090
001408600030010508000300000003020890700090050000000072000500920020940080394002000
074008001000003800008754000000000708007006005045000060700300950401090273000472180
005200040001097000780405000040076032103084050060300089010050268006002973200000510
670208905500000061000350020020009000800000479400061008050083002018004590906005080
906700305000500860008040027010000000680000030597000100205087000700000408069000700
060040207978060004000103806000000400093814625000326001600050008004030160237000000
000008006608074310040600027350090002004007060207000001980740005500000600470305090
020700050800006000010400037980000340001860002700509008090000400058010706060300010
600008050020050009305090010018000020204509100000021065987105302000980071136000098
030000060006504090008936000009702350000000402560000080000010540001060020800000631
094020000023050000608700003045080076030670040870000010000040200087532000012069007
900000567360510098000000041000043000290607004503100700100090400405060009780400650
052008000840901530903072014501000380009005020600010940010050000004006058000007400
651208000342060000008400602020004100809670200060902000903820000216040000000000000
043208165800010372150607090000029010000570630080000000000900000608700000005386000
700000000008107060090000870074086000032041057600070400583000000109603708400800320
040038127000016890000000304078069430000305601006084000100903270790001008060000000
000028000000350004000740800600210040000063009080005300005600081109580060040197005
030068000620075900054003070502000040013584006000200057009001080000300010000840560
007050039000092000598103642200561000080007003070000020850040000000706008710030004
900008200005000100602000000020006493040000650106000008568304910001002000000000070
060008000009027000000034109610000052008400973007205010093000000040062300076090004
306508240501600030070930500010040000700000400460300002680490015000000806057020000
763400250000005008800009007638100092200080010507020300900300560350000000070000000
790000030020009005518204000680000701150046020030510068900400000040002000002000047
000400200002009045407060003020000014000001057100050300590624700240083060736105008
004060205607900080089501467000025000002010600100006504930650040720090000400003000
006438000000690000100200804094002030205003940800900025001000090000009000900040052
000708040400500008000200519920003000603000020080020000200400051000000082000050000
076000241004091608150000000709050820040027009800000004200100000600070035400000700
300000206150034809060000401001500600075106308030090010020070103410209705007360004
970060250546703000020900407703006010060500009009007006100070605095180300200609048
309008200002730050500060008008620000034195000206040001920406013000080076005001004
100000204050004000090000350620800000013060005875000600000000500007900103340785060
100978020004006197900240800008620541000400208400057936081360000000080010600000080
506018300804607001013240000090703040000459018002860007080300109001500700700102000
570900020824037500003000800190000045657091200432850000200070000340069080000180050
072608304060900500910000000120790040007420930000850200000300000301509000090100450
070960310100000078304712600800306000030400060046189000003000102000630987700204000
002410000600209007003675082856023014029000000030000005398050020000006079060190000
000008000706030050513200900000043015400650020005800006300705200251004079000002508
905400302061230090432090000006800007020009005058040020080004270040500001017003050
001008000806050002004000038000734295000812003420500800900000080345601720600070154
603708409008904265005001708200180003000060001000090684006002097040300000002800046
356708410972000608108630075081000394003000500090803200010000009000067000000049156
763000015905006300008753209174009000006000040009010070000080002800000004607592130
070098050205060870000050030040200000093006000000940005160504000030089000008021040
029070000708435962450090100007020001000001000000080093090702306040010200200003809
000010000078300200540762000000100000030900025012034000003609840601800500704051000
300020741275014860084790230000200300403007002020903100900601070018070020007800910
090400013000370900000006000080720000700813629009600800807064035000087006060000480
000600700028040600700050240009163574000080100500079000012500007000004062003090005
040108009100000548008000020060532090009764050350001004005010067600957080004080010
200300000510000082900450003781600030000000801005800000850036010002105000139200000
070008900030950400050067008009070000080090047007310000702005031065100704140009062
430000000600010080010054376002905160001200090063080205785001000004500830006708401
030600012050010084209054070000900000560000090900007205000030609004500037000790451
030509020005067000000000695319070002408050319006000800000006008760890400000020976
000740200940130070000025300590080400204000080100000000429000000005070020070402650
000509600058000940000260700005020000801050204090308050020090476067010090000600500
504230700007400000090070030009058243800060150051000000905040071720000900410800005
000039000000080096096000030009058000080700149300000050058302000603010080007890005
800000004700210039100000007030905420000482960900061708000000870080503000010800040
076380020519600708008571096064800010003000840201700600842010305035060070000200000
000140820000030057309000006002810530930200000080090000290003010008700090753000000
386000500000620000017000004730052009000800000020003000173290000800036090002074103
520009030080267004000030900200000047465308000008000360040052600000043289000780400
840029701207000000030751004068214000000030000004860000900000102023000500000592063
000709030700010920003020041000080603507632190430090002000200058000800000000000010
054700230300100005270350000560000100002970050000540300613005400048613529020000003
607850100450200070000030000000194237210300064700500910000640700000000000000000083
035009040068510320090006850600094030009000000043070900806040000054901002901065080
831000040000030001200010900054068100090041085080025060010090070026000000948076500
000000641000008920000040583031000004584100060000324000390410000610800409058000136
005709600740561980000200000230680004004000000000304800007006008000850009408002003
060400000040005670801360924030042107000500036080000090000030000000200708096750000
307400000042015000050060020630000100009000030000503000070034069513000008000700012
008300004000456007305800910010084020260037090083900000007005300002090001000048570
007359100081020000000410052002070094014205300875943020150030900093100005000000013
000219780050600930700500100400002000320865400075090000080020507040050008507908640
000209105976015300000738940530001400001500030008003000304106290700040050200000000
487230000500048000900005740009006007000020603000300480000000030190052800000890501
000019200300480197080070004020000600070000312615300040008006709090002401001090800
100080250000706001049105070201900034490600025035274080003000068900067000006000007
600019000070025003002000680021000804700940020400200006007083500360000148010060700
870209006040030070013000000050071080068020090030000050401000562007402130300000049
800029050490080160005406290524030981000800000900200700600100009100000032050300006
000089000029005670100046800045801200000007000010000056007000009001590002090670500
456009000009000004003246000000061207060902108210407950000103060600500002704628010
007580004013700090450000806371920005090000020002300000700053900985400030100800000
612759000000000010589000700000007030325004900000325000000000008090200600053046127
532000001608000000190003085900060708006048053085930002347002006000300020051006004
025000401370002006049003050050001894096420513080305027900014300030250169507000000
250019000000500972904760050700120504000950020005007080001603095090001340006200007
862000450971530800350200070000370200720060390410002080540823006000000720006090000
000000500019000000030800010640900853005600070907583004253190000006058000108304020
804000020000300460760002180037080602000003700500970040000047030400230905072605014
000080650000050000050007003035010009600008501800790062002070000500942170007030925
004809620096000008070062100000604790009000060600087301060200537420000986305706200
500430002060012908009000040700000069108065400603000007070000200806050310010304700
000019703009700020008003405803071504067008310004326000000035609005047230000600007
530809020071205008080000005040000970003600004960080000012058007050000000094006082
005079802008000706001082300902400070004716209713295000020040050300807020040523080
070000010090801600180450200700040306340000050650002001900000080001096402025700100
530620000004871050000453070018000000040060000609002001000018097000506002920730160
009600452530047010010205003047021600200830100000006000001000000700390501090050060
000010060001270000700039008060720189030008000080090320003907200018060070070000890
063010002901052603802060000000706000000500410070180360028600900006000708400000500
007903002000005470500080196800500019003800060290006740000600000058000607609300004
400015890090240000000803560859407603040000200000038000000000020120580706065372040
690507002001402896240090000005000700304809000006005280000000904007020360069080507
000816002600300000025497300090700623806040905237560100000608200080000000902004030
004010080018200360052060000001070009695082103807003605100029006000800200209000700
300010460900326018006480309004900800008000000030070100000038204000092580800000007
040000060608000000013864057090276580080350600065001020070600208000100706020098005
508300004103004802047000150000040000301859076405030000800100020032600000600000530
062300700097504803800060150906040005000859400000700009054002030000470901000003500
900700000005004090040005001008546000000289407029100805090600053207300048000008902
800010004000049600304002510000000240460708030217400006035064800002000059000000302
498700000257609801010500000000805073000002080000100520060254000500300007104900002
803014000001050200090000104058600071100003840730081600000700420304005790027000000
789000060000000010306000200130007002600024703000038500020000907507000804493085106
048007005205008007009600040000000009301590068000700001900053070527100004080470596
000000035605000921002000780029400000004600007706508200050730400060104000400000502
000000000030280197001050000000700040084003705000460900100800360703600851000031479
380000200000074000000800090028000000001000904540080060002597813895040027173000540
080013006407206000600000000000082067240071009060905102000504000800100000350700090
000013906017609500300504207000002090030047000049001030270090300050200600903000000
504010000018020000300000000085362104002904065000000720000000051001200089063195470
800010250520089360040000000005070480079000000203040000008057001704361892002800005
500003620306000500010602000058000230400536008030900000080005090005700010900000052
549000020020090080007050090600000009092506108400000700180200900205000010900361052
800000030216007000743008160470803000068100000501004208000400306600730000384600009
400200800000050026050000310000001079900002400104800000240508700000304160006009248
702003098403207650091480030000300845009000000348020070024601087000740500800030100
700010300100000947020070605000009002430000170000001003801420056342050001570190000
365000400179400002204050000500900800497000600000100050003640701012000064740030005
000000200402098000080002760790001030041067900006905040000020001008070409007000000
206000000010576042004090706090002080080901000105030094040720560000400000007000030
040700500170900000090000000030096210001240900908000005489600000250080090000459002
000000000570040183009050607900038062003790810080001000700006201305004008108905030
450800009070040000800200607041030060035090014007400000090080001563000070120005036
062700000500000814419803002020300046000040070634200000200080031056009487008037000
900005800702000300504000090008950012000087500000100730040003000000000460850001973
000010006700026308400000590004678010008051630071093405000060000040730809900000200
500000007000007040070008000603050002050000030001083605320070004005802090094100000
008015903050380000000702560001000096005000017790000004980064000034970002162000409
830716009400295080092080000580000090129050360643109000050000000000070000071002600
307410020040000001250009764403980000020000143605041008100700000068250400530100000
500918700001206000080035019000000150090020806108600000050107200020000000007800935
600010529000006013003245800102768934040020650006004002761000000000050700500670041
690318007000070400010005000000069080073401650900003072001094200400100796009600041
950406023006930740003008900540000009070602004098054070000000400004000205800340000
400008900360042100000509400738060000000004000000800507007001000802057600900206041
800915024403270000029046108080000960300600081040000207004000012001007800208531040
000000024003208690009300070080000903300690400000080057730009000050700839090531040
076900300403208000020306140080640903005092080000103006704060002000020839090031704
806904005410056090520070004180000903300090481040080206730000000600420800200001040
070900300009302050000587000000806970106000002000003008830200015001450003005630784
580004000003560879620307150050700001100800400048020060004009600701008200205000740
067910000000000007400300150100457003370600080000003205730009502001704809290501046
070905304510000000020000108082004003005702001040083000734800012600007009000500706
570000000019000057020007000002000000006095030040003506000279600061050003200601708
000000024610040000020580169302000071080005000900023506030209610701850093000630708
648509000793000051000000000082001507000007418076008002000000005815070200034100900
600510003700806950591003040002000060300007010070400000060204080010900634000100279
046018029800000460950006080000204050000005006000163940120830090003491000000050034
345800700000050806800003000400701002001580300703024508000100090000345201130002605
006810023000340000380000640798500000605780492214003807400602000050438200000000900
090308004000002050300600780000800567476000000020100400703200840014006000000703000
536000807941070053007053040608090010290760000415000096000040200300100070004500008
003004020000079000907000800009005310038060590000930768000307080302098070700520039
804010036020360009600508127000030048300070050006800010102059000063001200400023000
000007600800002090000900100180504000000780400075029360350401006020070500000206043
506002700000350000000689040007500004152760803309108000608900072900206401204005309
476000030000304500800000000510030080380050004002489301037045120025107003040000095
089517030050469080000020600005200004432070006000900000500603019001002000306195240
600000437207000100003640928304859201008030060700006000400980010001260790090000002
900010500000000026020650907564030000300701000000006009840002013000060090602000054
279014006534000019010930050000750300803006007900020001085003002346270980100000470
604000000597006000100409000415070003970803000380050970060500204240000507700001068
000800030000090008807000905528030617000080300739001042056020700070568200300009000
504610700003005090801000520010700009000301800600000017940850073386190200000000006
047905600609703002000006759800239006300150890000007023700002900580001300490070200
308902500000405006004080009000730201406100005027050490009500008701290600600007012
000010040400208091920056700000000023005380070030700806100020007560007000308094000
700013002830000095024000030068000014000501006000004958219700000005038020000009001
009003000000070530000000081080035000000208390003700800091002000020600013700100008
205010040378600150400005900000937000180564009930028460001700000800050000000080096
600015340500820100109070050291030400070402000006000732714609820025700601960200074
000615007500800109106300008001530080068002010450000002010056800005040000000200074
005008943000040600340096200450001730030800000010030000080300000100060000794082300
053010040982056007017000006000000509090004620060000300800201060070005298520080700
800209043070645002000070000598720604010506329602004007207961000000037006069002471
930710608006000020001064005800001000007908100610040289590270400000180000072050000
007900248108025000040870510071308600093060850002004009000647000800000007706000000
009007308002580190080009520090140050000890000000000009060708000400906003038000060
765018340002090007010070008098000700007900830200080001570030200000100580000000970
005010009380000000104070000908003062000020800200000401076009014400000580801402906
000010500005008160000005038000072391907000280150009070000007400046000900723050006
070912400000534000030806020000050091189627004503000000000200940290400005048000010
000014008120068000908502010000000130709000004001090002003009070072143800500607001
002000050549000010007240009060004008708056420000008000001437000073500040056890037
020003607060000930900207000400080001106030780000179000200096000350040000048001570
940000706000000001316000900080000390027509600100602470704300020000057003090200560
430812956210007004609540127194050000000080602006000000900000201000020003000160809
407002900200007300060500107000200030003400000020300090086705240000900560300164870
047000950000507400090000020039206700504000612608000000980700200000900064450000809
340802056060590000085700120000256040074309610826400005000640001003000504000037009
000300004004000600090860070000000800760400135000730002620503009000000040047100008
836000050205000194900002803604800030300200005000400000580003000093640572460105380
000003000300007040007050008002000164000429073403186900000000400716548092240300080
379000050800075190500043000607030008408560700102080000000690875000020360980057002
307806250860005190000003087059001000400000000032000500213094000000020369980307002
093012400020048010100000700050004008601503000400800000064300090300406800008109003
000006908009280004081059000070035000093004010000960380002048030000590426040372090
094510062060083107708020509007300901000701020009000070000079010000800000200005008
802010409100208005030040081000050004000600507058370906000030090300020050200000140
290014003703006094000090000079428600000000300650007400902065080167800032508000000
040300000030000020060070040015083004070000810080001030650009087000004200108537096
342007568800032700907000020200006907004093002500720036400000000625070800000000605
004000008001905402206070510502700340100530806093180270000620900300800000029050684
805904703100050008069070520910020005032000017000001206600005072000002150007000080
375000400080060501020534000506000000807400605219006000062009300400070800108000276
804712960091600070730400008900068300008930050362004000080500030020301400003809010
704000060235600000000029000007062000906048720002750049600095002400036000500004000
800510000000608004006430185005041890000800000009065400410700009037900201060000070
200007000300200800006039100060103587503008040400500000800900650005000002609000418
270004960310600840400090021040000100083050402002100030030060000690082305804070600
004012003306090120000600004001250640000067010000001008000109000107400806900786200
204000500300005090501800030010502600700030400032074050100000940007060005050090120
070004500400700080203896174090260700002000000700958006047002610000080000105009020
008015964000008007006002050100500083603000705704380000000873040060104870807000031
200700003710200540968304000100080030034002000657001200320905400500040001486123900
003010000092645000601000427027001500004009002108057000005020000400500000200000653
003018700015007003000300500082000000390280050600950032400005000058000000000063045
050009003209008457370402010680000030195003074400071590003100006008000700021000000
908712500051000020070408009800561390100000000009003006600000200012640970784129600
290000067850742019100030020900504002001000050435090678000000090310000000500169000
030010000000400000091073000006304700850109043320700061000000007109207005008900124
603008270000067000900502001045026000790000300100839745809670003004280106230090807
095000000030000485000504100000406000029180006340057890570040000860301950000065003
004010008801590604000008150007000806086000312003001740100036480009070000060004000
050300000930007604000409100400253896000008310080600700005036080300800000700024509
845002070001000005027503106009008054400750012503041080084000007006870001090030000
005902374700060090210000850000030700000157060070400023800000035007600080400003010
902000000060907400000060590004692010000000050700000000218506940000040000649001085
040908672781000390200700084000002900094037000007000001800046010950800203400005068
504003000000256031000040000050060107000578000073420060690182004040035009000000002
045003278209875000000062001800040706090080012027650000080706105070000040002094000
609012070200900000000400109001240765062091000300085000090070001407100050020300400
200003005041250090507406002070005001100090047930070208800760020000020000009000080
006910000391450802507000003470635900105002000030000050010060524650328000700500600
000816070302007006610900000040062000738594601205030007003200005076040000020600000
065910000000020809289060000001600903030800000000500026790100608840279010150006702
006000300410207000507040008372004080065890437008100000800000000651028790700030040
068010000000006820093080100372805000180092000946000050000000010601028793720500684
208005070000200600000306120300004001005002400040070200830700500601420090700500806
200910370010080040090006128370640000160892030900103056030709000001420093000000000
208000000541000896007006000002003961000092300900004005013069000000300019029041630
200910000000306009493207150000854960100002000946100005000700500600020703720531040
084000200000009100021786043160072004090460800403801000075108460000000030040630081
600300800020504030003007006008930060930700008000000329000493050000025690500071200
000010500010098064008000001031706240046025170020003000000000000005000806203870000
759010284083000600620000735007569423960340000034000500096428300500000006378006900
000002600210609000960000201001708006800930004609004058000060900590200000304001000
006700302000000500000035109060000238020003650307286400003050704075000823410008960
060210000107800000500400107030080604601040000804060500380104056416905030000038241
000200084204308901850904020100009000030702000490030000000420095300050000500103070
009000082000007060600000070405930127020050690016000040850700000702341800000080030
005010000091580300208040009000400070500738061700005900900006412100004000804350000
200900084403270009090006000080000901100002030040000200034009002601000890820031740
007005000000208600490006025080400961000002038906000250730809500650724003800000046
260900003501230090098076050000050960070092040000104070003069520600003010800001607
200015004018046029400000050002450001070092408040180070000000012600000000009000640
500009083080027040401003005078391056049856000060700008000038170004900832800004009
023017586006000000005000403800701094649080731300009050501003047000470109004000000
350010702784250000000000000000030005060040030000001624007980200003007468210004070
430015002002407300750802046800160074006700030000300000008501400100200000005006000
000010584500089210020040096000700000006900405090000800050100300001432900002000060
306010005571380200908500107600092000014008009090040070007005603000830700253000018
006010000249530006301097400060081000020700010000040000602804035874350260503100000
000010780000089102008007450630000090000040270700000034070028015100090846060100020
000500300000007001008000000000600928685002147000871000300020000040080030001739402
060010005000000801017000000009000214203001007174062009090120000030600908000700100
004010200007026010203000000805090340002450007006870000700230804420705006300064070
648500700000309000003408000004790002950826304060104009506240038000900607000000000
047600503516000400000400108130090700000020000002130600085000030400970800079008040
000706000006500010001008300030007500150300029472000001280400106500070000010050070
000000000013800000042005018560900800204100060300006029100600082400580370006200000
000000204000965070700340000000450306070030001463180527037090000502001043800020719
648010070000070000020004105001040008000093540479258300807006010900025006302000050
000015004080039065502006008100004600070690423200007000020003006650000901310068000
030010260504390000107680390000060700000003640605007130790001400850006001010970006
008010074510274800274000000000800612306700000001002000600007100709150000002300790
908513006600000080000009000100750030064002157000601900200090061006005703310006820
030000246001009700705806090590003010003000002200158960482005000017402000000701020
070010008000000009029004500106398000205600003030251006060032015350800604000000397
400000298010000000000270140200000004690008300300000069700089403040002086960430002
004000000325000416809004005000800700080000631007632500008000123970305060206000000
970418000802600009040970800009500010601007092500300400700104900090230004200700150
080705300000800400002046701000008003320001847001200000760000132009000078053107000
000014000004060000901058067653000724810400906009000100002500003000030000000000000
075900080000207540400500009194000830000470090060300150506802700019750400000006025
706500080820000005500000000030000501050701600067000000605103000014000800270006050
070416352000370684463020017010000000200000038600005000000053001002167405006084000
865004307720000495900500060080090170300001900092405038200106000009750080008200010
008010300020306410070800060050100000030000071700023040007600024010780003592400086
050010087100300005708000002300050008816742000425000170001570000570400020060000703
096210304308600002702080060930150008107002000265400100000040007053009800670800453
080210050040600020003500401500000003000109000010346500801900234000400605406020710
268000004145020700000040810681203907709086000030000506317800020090062100006001098
850000074060500080400003000000091002026080000041702530078040900030057806695000420
009002340100000900004009106800700000005108479091035000000900214007050098918064050
009510308280370004000000010000800000045690002000000180008400001000060005150028000
000010370014000000600000102001900200009250700000001490000008520056100837008579004
007010320460309000003060491000003010004007600706000289000000860378906140040000930
082904005490305028600028091520000004800000573004107006169400000000000100000871009
000207000090060028023049500285090000004008003030100680100030050000080070846001900
000010326460000005030560001053104802042700610190082000900250060000370000308000007
702000000080379000093200007009750104100490208078000900060532000230000490800060020
240810070000007802003060010000070050600900400050103600000004008408591030300720005
006005300590007860700209010000004900017052403954003000100400708070090206360700045
006000078501047002703000000000874650007602090600003820020436080070081200300000040
002000075580347902003050010900070020017000000600190000106000000070001000200009104
900812005500749008000065000397600000001038907080000000000903000030200054002071003
704205360520008491060000070400920006000006050600000000048673010109450680000000207
040900000701305000000824701020003007006279580030100000079432008000006000060781430
006800004009200015108000000000024000072000000000631000010000923080392140003140700
600000378780000420020000690000783214000605000004109706108030009360000002900000030
560004370091000020420800561200690010007500090934107000100000806000000047800001032
000000065000000040600854000008093507900205000037040206109000600000569170060001034
659208300700050009003000000090043200010009540008005006100430007060507100902800000
760210000020050000190300020201890704900040250400000031600002500000060080370000602
000000050000090006706000900640800502073000000528906710867500009019060045400009860
056000000900073081731080200008406953500007000029050000605030749003000810000000060
500010400006230010001507206003600900008300000659801000100003045004109062005428039
600010480008000372004803196035000000006520937200390068000030000051080609000105000
008010400321009560000600018050820309090004021000190050006048700005000180080500906
508910006000400539609735008004823697000004000302007000000048765005009000280000043
350012060024060010001704000090030081000107002076008590200089106010000008680201054
000913028902400700180020309040006100856001270001700600000000001000079840098030567
000010400050000006340609580804000790020003000009001050003108070470396815900200060
006002050052006800910700300090328076600001024271090038800000715500000000020003640
700900436064002000001006927003604058008000690000830140205169074007000000810700200
820000000004000000300400150073050000200076001901008000480325709009001025002800034
000010090100009000097400058070050902250070040901000507080005709700040000500600804
060917050004000000508004097007060000105000649680340000050092000092006000040030905
020708039007030615309460000201607050000800190000000706000070201140000570000000980
090012400003406000640590030050060100300041609000009740000630900000920010930174000
906307400030405790004289001600170050800500600007000800165742000008003170300891506
083009460010030059050428010070800094060090000940370600020907000800200070007003048
060502400200409050100387060000740000080291700010600000000804107000070000701900600
050000076300406200060050800010504002094000080000892600000000903040123508036000127
700015030300000061064030500500743602020100053000000700005000000073904105000070306
050010036300050200000004085800200050000008623602905814006390508083020100000001362
000700438304602000190834000040060000009100003000005204015007840000086025460500007
000900400500370200900485000002057000000004900030000000010500070600008023870260009
006300400051026300204080000000178250000030000507000000000700983498653170000891006
000000497700509800096074052341200600600048203000900010200006045000005030480001700
000908400000402003000007091306571020001020605025000004008730006000046180460009050
000008405700005000400960010000020001086500324042180009000070900004630050873000062
000610008000000061026004307000050000002140000089263700203870945060000100090001876
000002000094000060106904350300758620602009083000000714203076005060000032059320000
025010400830000205004508907050000080000000502280195070000200040002006150506004020
060000430900250086001080900030000807000520003080090510000834750840900060095102300
580610403020407600003859172809001000050000000270390000700004000090170860400900200
000210000083500070000700000000370600000105302630082000050420018042031000800007230
897000060012004000304070090005400002000721000071095004000082507020000006560000800
390000000024007000700405238037000000540006072200070000082153700006020084070600521
900210000001005000430000162017534000854100000090078041149703006026081050000002710
006702450400000916085046003000007000061035009030100567529003000847020090013009070
000900005540076901100050000005600000900500206020007590000295004430068150207001069
007012006420003079059400203000250708008007460000004000000080020180000000040005001
000010000134508060050003010080650001500030097063120045670000950019285476040006102
060000000031600900450090602390400000800060009000000740974300801020800367600000005
280406000000070014001000072000092140100700030000801725768904200300008400412057000
002800000140003089008004312000050001080070695000006000020000000500009006306045908
070000520000006087090700460801007304007035000020009000010900005084001902000000670
678304000142090837000708000001000000067030205020859006086905043000083000039002000
400013060003790401010540000008057600306029157000034000020000706005001090007000805
040907502001524690005000000000400070900006043403201800000000356030000907702300000
206010090070200000010000720820004050691005043400301080048102930100509070000437800
020010030100690200030002100080165300069080401001300600597020003003000900010008040
006014000070003000438072060704065092300200001200009608000400810803900706000700900
634217000008040600710060200000050328520000740873020900000080090080004000900003002
800010007005860001201040000407390060126084059500621700658170000002400805003008006
003010000200098703000000004000005072305000006420060009018020000706100000902750800
400910080205480009700003016509800000001652090800001360000170000000309258000000971
067912500000000040980070010590407801008090003002005490000809004820040370004700200
000019002271860940900024716090050000000400230680100000000080360020031000000540029
003800500250060300100532000020050900000694700000200610001703050070006000030105067
006012000203070600105386209000090000002600905059000010500703890000000003300029000
403000502057400300190002700006000074015000020009208605001703209500020000902100067
460010007207009413100003006000306000706051948021700305300900004074030020052100000
000010000320000687805000000080205913000109060003486000098000706000000102204060809
000003000300008604800094010700362059040985100503000000605000800924856031100000960
040806023308097000020430809064000000801603904000004006715008302080342010030700608
090610000400500000053820000380967001002350789170002000504130090910040030000096000
309800504400005620000094318007003200000020000290000000060000400010060085548931700
702900564001540300000000090020085013803009400910004280109302800500496000200000009
009700580000080009100200673008351002006470308000809050002900100400028005000005827
290600004700203006100009080501824603000090001400000008604070000857060040003005007
200000504040200916030456000070000000380695000000731200010000009000062100500109067
040200500050000003000370910093750000000920038207160000000482300904630052802090046
020310080800725304400609270560207040037000600900050030105070000600500000002060050
923000500856907000004500000009070000700093050005002070600751420492386005507240060
904010070800030264000480090146073980000201056503096700600008007400000000387154609
340010002000000000000000006400250680010760039692100705000092000724600958906070004
064000000971805340250304000400008000010400200600100005005980003709000804000047109
600400503203700410005089007004930000306100940029047000000004300740290050030001000
803000006700965000400803000000598710000700064270006085150000049000607100000009000
004006029009027600000040001800003002540000107090600400405000390937005284008030015
098015072050024000270008400000036527000000900560907030730500000800479053920003760
047910600096047001000600047000090004009300100000701300000020490080000200910000875
000200600609800210002000004001009000000500003365100802580000030000035470400078001
047913000902000004000007300760209100850074000020008400200800000600501000008700060
007003049001206000006700200054000100019040006200301095082930760090000508000000002
070009600900370250280005709530490100190800360004031095000104003003000986800003400
005200000340970001280605000538000102090052000620031000760100503013020900850000400
042000690600020070008640501473060000210004860500100000060030005030000000825400900
070310600800000031020089504010560000060002700000190300001008046090000007080256000
070015000806704030103089000010060000060002005508140009200078050000430807087256100
500200000179800025002900800427068900690000000005009040010380050058004103940000000
290503000008002000103000590000039420040850000600120000900000000026985030357000060
005014008986070041201600700520006170090802300004090050769048000000500080802903410
005400600090006000000000400570000048000000702800500906060702500080095120950043860
405200680298056000000009000000061048001900000070520906100080090300005127900100800
035010609097050081800020405009000300000937852023540010008402500070090020900100000
000400025251600000006200001400700003863000700010004200004360800008049000532001469
400500692200470000100080000007361900016794300009258000730845009050027100980006000
000513002060470030093000500007300900000704005340208006031805000600000003902036478
800017002000030705000640800950284306020000000468075020003058009080003100000760008
000000605256040709710650000600200001070100900941305200060020008028000000000080300
000010670059000080710000500020650000005780004607100908491060032060090005070400096
000010609006470500090085340500000006970064013403100090040000137200741008187390200
900400620300609000040050090009080010800007009713004500004000000678040000030870000
080413020300625900200000041009006000000007004700249000100360857078004102500801060
800010693050600008090820514000062001010000070502001040100070400005100200067400080
000018000302004751060530804906481070008006045004302980000040000023000500075100408
870010043500000009360009280403690870006207104080100906005000000090300020024900061
000700084000684023800093510406370001052060000083000070600142008000006000040000000
000203608000090020326840090400006003060104980813029046178300409600070000000051060
238007600006502831045680000061005090520800006000001200000058960000236140000104573
005907603091830045000200700400700000020100007800000006006040070074301000002070054
030000697000000000009207310040070050150843700607500403421708936096004005000000040
002000000704680010186534009000100800000006000315079400000290047420000906003060008
309008070700004000000300000010070036430152000900003021804001260200900100190000054
249310000800200003000574890050040100000723056000050307000007500000405000080132700
020304600010000300050689000000200840030040010908156002005070003000003008302400000
520000030007605040090300002608042300710000465040000820000270080205001000070008200
000409000960005308050806249040081002500900400009007100835600720091703805070050000
003710680604800092280000010060000403000460079709350068030004906006903040000000500
720018090004090702100020000031946000080037000640502009000200970000860000000300850
059004000246090001800025070012500007000940006060100050070008194000070860598060700
708410609020076501010000070000030095037000080005928760000200050000000010560701020
003004000400005630000923100530807291100000070207501000090000000040000300625430000
053010790070380010010000500004802000000003005000090063390246000008009020025700109
090010700003060000010907035001742500045830076000000040107003400489000000050104007
695002000847000215021000800100070008000020600063090000210003500504980002000000481
009206780000009020210480000071062843942058000680700005000607150000004076000105408
000910000086000004209084000000000601600000070000100009043061097560008102010547806
020010790580069012010300400078900020000200953900001007040090501000500009805100000
930510700000098035006007419107205963805973000320100000790650000000830170000740000
038010025007300619916002403700008002802570064063000108000040801005007000000060000
000010000320090060000000020000730800235040007700000003000068274802070010006009080
502000060300507040867030100000100085915000020000490007700640001630001472054000806
005000700080007000007430205800105093090370400010080020050021000000093062000060009
003510049400908000000000385010340890000009006008650400070403000901075000005000970
950010006007500800001009003580000907300107080710800062000000004803271050000000008
900400060450703000703008510039200000847506000620080000500609002300050000290107685
638910740547603000020005030190300007050067912004020003000570300070894020080200000
000914030610000000490200580000002309000001060070500120105027000920805617030100000
259300006000000010037604090065000000018023007092800003900780000000090001600132000
000000000840705236065000019004073162320801007070250400008004670402100090000000004
003000708810405060520680030000308040000000003008201970956003010300009500080054006
040010708670000000008200600089004012004091006067020030890002300426007185030080420
946002030520600100007840050201475060700006000000020000610780029890200470000050081
930210706000060080080730025091000072450900000000000004503400260709002000200090057
090510000040000200510327049000005900200000170059702080000000037471000008935070000
020010000000008000000900580000092600000050210062007930209000070683704005000300420
409512700600400300000000200270040650304060800065807430500000067086750123020600008
405910006612570039897436010270040650000060802009800070540000900900050103720091040
000200090100900050005704021900840010000020409032000600080576003350082960004000080
000000093028079640693000071482030000975000380010890007001507900700003002050104738
604307090003008015710920340090050100060180920001000063070006400500040030006090000
900005000000020000000804070200190750760400002109207048301960405400072000002041987
006904072740020600120600030005702410060080000000000590030800040500263700907001063
497000030153000647000400091070036100061007980902081764000000070009104000000700216
200005000850040602000002500010009067462000903730006000904000700306098051005704308
300010800860095100710020930030078002905430080208001000007040000090000004080067010
043017850800009200901000000508370006020500003030180405000001090180900000000708612
543000006007860005280000009000080701730009504860107900000070008000490150900358047
040300009197864000280795000400083760731900080000047020354071000600030002002600007
070402096000835000804790000010060009350007080680950470000004052008003910000000060
573002800196005047024000100000060029002940001089050070931680002700000000005070060
004013000001006094060090000410000058200080400080004029007300540846005070002700086
042000073370500000060030051000000090415006327293400608020064000000000086100080000
000000000300050020089006000590600700030007295800020060003560142624001908000294006
000700050500002009061050000010040020680103700007089301100070000095006172040000003
000910865500060039029058471000090000204700003000200906900020004300600020052034007
300412009540090273000300040070000500006038010408105790000203000003074100290060007
307402050591006200004309070102600000006000000030005700015280060600940120040500080
905200800008046000100039705090700043080100050074360900310428090002003078059000430
603900842049000305102543000006370091000006000030058200000760100410800607300000908
006710800000000005170230064005008109019020086800061007200050093087300041693140070
045602030000000400000904056008090003004001900109300074000040009790050042420079305
407500839000060007300090046716009080030000902290480073000000260040900058000150300
006500800508003102304070060902080010807106295000000070000000900000032780000057603
060012854201045609000600007002000040070090060900001508090106002000900000130827405
683200050105009320209000400560782090300090800908340570001960204030400000000003010
600012000000000060800067000701090050309000100005031800408020700503040612020070080
400010900000940053000005001250008007300000120004000590010020000800759602026183705
000015900010984036000600001071206300406000000083001070700009100000073002308102407
030800926000002700001060000009000080008096354304008000900283401003501200040009005
503010000000053002200964030410000060705200000900031780000000021050320894029000600
583700006694000070200900003000079005000000009002001730040690520050820000300045080
070000000618970030200408150080059042040000569056040071003000700805006000400031600
003500002040080000000003700826004000001200083904000076200065130410800027300001050
004010000801400000200080003470538091005006200000700300508040002740201009129860040
