000706204800400017147020609705209100080000705030560090000908520078052400600301970
760000205100000483034050600400600050657000902008295760973006108000920006200301549
076308000030015864854096370500000400000400007427560008790002003200600009040057002
489071000203854900005039000050483062008026159000910000000000040506040891134590620
003704005004015009857920060000207000780430012300059070000590607000000390096071520
910067285020010009854020167000084003000000806005000900000598674070640000490370508
040007000002504060095001084051802406038005120207049000614000502503010800709000041
000037200100002090502016800000570008805000000791200046410095000359021400060308050
003076010060002000572910004647030128820060009390080506400095670059601003030000950
061000005400062030200450091900000007710029004520380006809000100150800470037004002
000049000400102830080603701007561320803004006020398400090085173000930000030410002
900064005402873000167092080031428507009000038800000026090000700000280060010947000
804003005003000010072009004700002536529010080300750000230005041465071000010830052
000600010000325800250000400000172080398406700070900560007010090809500007010290358
078319206000000079900702350080635700700928410309070805000106000092807031000200980
000300296000090807900002354008030000000009080020870065830106500410050038695003700
000090200020350901796182304500000000004215807010003000300001640641509728200004013
030400286028050970096000054500000142904205800800000690350801469640030000200000003
530008090612593408800002000470920080200000600060435900920804700086070009700300060
080134200300587400501200703037600900000072860000948030408063090075019000000005674
007804000050002000042195070970020060023051798800007502060583029030079080089006000
850730046023068700010500809902040583105093407000080900030000008040070190000810304
403165097200000000000007030050000380027304651100580000090040023040003019008009546
108590047040370060070410500356000000421080950780000410004005001060020794010900605
305194080090000450007020006000700613070301900030908074510409030020080049080200065
834150097100040056605007040000380000000700420508090173956438702000061080480070600
300800057504900030001006009406130098930008004178090020090000003000479005040013900
000903200809000030103568749061200095580639070000000680230000060600320001910050823
050010260000000090000004503040300859098000326263058401002000007039060000175803040
019000268200918000705000419103000040090306071500871923007009000450060302021430600
004906208090002067625008409468009003000000040000080000000001004502307006100004935
005619208620078905809500710708090004000054127200167080060081572000040063000030400
000036000602500030310240075900000400780000093240900007097160352023895046500000089
000507068740600019562001400380704000600050847000000050920400081800106030400398705
000056209290000568065020013600009080479000601500601007001764832306102705000090000
307100009895062410010400570769004052000000090020000000030000700081600040006805021
003040000120807563006050400002165004048009100000080600009402058407500002015970000
705000260000000004312096058900000080600900500534082197493020070000709025050060000
009050200021086304003100000006328005802097140900040832300060420010730500008210900
003000218801390060500080000100420000002050047480031050048976501005043070009015384
670490210493810670201005040038006000050001867000978000500000000016520904009034000
486703000013045008025608004068504109059076040000080000040000507000402081090830420
008003009050701846000824030593000760006975321127630054000450003900000000800307002
400053010560000000010007460820090750705036020096500034058301000930700540674920003
409780015500049008010000409000900523007450800050320064008000300320004000005000900
000000210603050409521840607194680050060100003000000060206008074000400328040002506
040036218300400600056070000509008703460000082800143950700300500195280360030000000
009050210700002006120030479412789300596004002370200104050070003040801600867540900
000008204800400000001390007014009300028741009700035100005080003080004691100920400
040010236051006009820000050007000903000031647400060521208004300104259000005600000
049000200356021070821390054017040900002006107090000506068174390100259060070603410
000400205100305000030600047005730014300002700040800360000500000200913076607280590
040000039100020608030086000000607000008000010704000062483700000250803070607000583
910854037080700000007031805408003001009000002600240079064020018100000700800060543
461875000020010004308020100000030000034008002106002003610047985840009320059000400
480170030700900604096020107050001460008040700000008315500002040009010520020050803
050100200000008100100230805890701503020853001510940068000620004976080000045300000
095670248260800150140590003600900000730100086002367010806000000003780092009210860
000690040006024890900000003040056038000200604065740000092365000057402300403070006
108073240506124800000000060200006000080200604065000910002000490650402007403007506
500600003000049070741253600486301050307002016129060030960130008200700000070020391
030706200060040008090080567000000095901400873000009000706820009009600304500000726
075060200004730006869020100006400070008073004030080915950340701040908060080250000
375810200096020580028000010004090051050043800209000300040900105003402679067105008
638050240540730009700800000476005100920000074000070060094560721060010300087290406
073000240009060035000003910620400001091627850050301670700150000080906507060742180
006700241010020008080000053007091300109030000020457160253010087090200516671548930
958070200000090000721800300067903000315008007000720600002186039009437102103200008
070000000430105800002087063201056738780200640365740012804300501000004300003000000
080019007100005046207084000720500491400008365503091080802160500005007028900002000
030067200800940076460300100605080713071000420200070605920016000500730060716098000
700038206900054708500000010109305070005709320000001800006013000400092107091647580
018067000050208096600000008826001300590003812001800064000300001189726035000004007
130580060900017345025060100571602004040700000060000000098300000613008900204179083
008300000003800001024691000286040007059010600401269008007406000842005796160007040
010054060046090708238010059090728345000006000800901670400000027002470100175060800
900800000000090078208007459690028040720906580050041000400003725300075016070009804
090000060006029504207400009002906050609800040085042006008093420520617038903080070
085047200070060580236080010027690000649001007000004956000276135000410008701850000
400380260030720080287461090140006850000138900308002016009000000804007530003094608
198004065364000000200806000000048000802900710905030002013400520429607000500103400
060390270908005143000701900710804062000002400402560317050000604640083050090456030
056910273080040001000007000129080307030072008040639002060094705090000840070856030
000000000000972040602540039000800057010204000040000800063700520907400306824300001
501006079790100040046907035005000010003000862000201000150040700067090081300700090
800010200390758410071000300120006904000009820030000007783090042000082000209007158
006000000400073080187260345003080500924050813810934062000420030008600020009010050
060400279002000604790200180073000020000030000609800437007004360000092708500700902
086549073000000500025036900078003026060807300049200057003010789812970600697085010
910368074007590810000100305070900541003701900100025000042807639089406027700230050
900061204030092001601800090000900548005048026000005013542187000089406000160000480
491000005530041080826907400704806000002000046010000850149500738308194000000300194
009080000067000410040002359380050197075913800190807063420030000750040001010578000
107940005006083714408702306600470020005290000710060948800000052204000000003820600
900300007048701305670000419030009070000000000780003042390154820002938054004000000
050600080008205160260008050600804700705930410004507090046009308020060509509082001
951030000784095100060100000002814700405006002800000490000709000000460079079302041
160495003850317409009068105000036907003000628080009030008040306006000700005000002
005900080003000005008701963000473091000100000400028307026080030819300002004209800
000910203190002006080403000600040050050700090470390160940031020726054930018070605
000800203430000785728903000004080602806014039290506000000008300581700900060400020
003074200900082005207003418000000000009000600470005109041359000025000960398020041
000730294000009816000860503000403000800050029450907008020604035000370602364502980
316850097509030000200691030008900001073016002651208370700320008135009000090000540
860000040129408706070600289001000800000006130704020090097200008200560003016080400
000800040010003690406009005960071803370908010104306750750002034000037962020000078
049280301826070905105000002078000100302019600910060003507820006081000059403007210
845090000907103504130000080080630045302400700500070023600000037201000806000500019
057000301421000580983000204005400008090001000804036950509100027000502600002043010
904870060021039007783040002030001208100300000000795610400000006368907124070610800
060000041400607098090100062008001409042000850057806003510090687070000005286715034
065872001401639080780100962030001098100008056850006003010000600348000000276400800
850000001020010090791060850260103408080006010004082630008000903002639500035008160
097504320124800609060020000000015800071608040000002030715000060040100278280347915
207490300048500067010000080000270019000900003030000572073800096000319700592607008
000452080218300600305810000030080560089000000026700000670098000104003758852040036
050240361013000007600000250038051602020400175100692830060070003082064510090100006
590006340231805000647003258080060520060052780005470906800600402010000009070204030
000804300016073050000000760050000049900026000768059002090741800000592400104608970
072000080000073259008005700250007640004006097069000100045780903037042016800630000
062849301413002609090361070309000510040900860000020940250406730000000005978500000
270000001050712698189005074300400007047100002000050043760524830000900006890070415
900640051006903082305000600000004008608010903500008240052007160760020805000080400
000000091060009000000258004230871000680492000094030182000080705078143920040000013
902060371468007050007009480030900764700006038000035100003092040500100020620500910
704056380001003694096048075000570842010409060407002010178005426003060050260014000
400000070070020640100340002091638204000059860050002000005704106207000008800013095
946000080071803400820049700004010608180430259659078003060000900400300820000000530
004700081000020004007000006238071060900350007470980200042638005863195000009207600
800570320070240805000800070000308050087090100304700089090020048036907000000604937
008260341043001005102403008000080703986500004030000069300746082000908400000000197
050004090600000050310000074200870069080092507790435102003980045078040926000500803
040207001002030060093600240030104080054800000128509730009051070280006003370002406
450800060068004059000006087005401002641009508027600004073060800580003020206000713
745609320016003097290700608930500072600000503581300006002430009000090035300870000
067805340845913200010604500050000109000000007180050432030587920004160000000400610
007006020800009000314057890200040709781690000096035000000920600049003278020070010
000006321060309050310207000000000000090620530020705000173892000049100208286000903
057460301060319400014000090005000082001000034400030060073092000049083200080500010
009406021001300704003000000050608032008000065000500017194762083020000049385040276
206870301040006200310209000030981400491627008800000069063000845000100726004508900
060079052047003100005000470000105820250980710083000000070094001030001240408000030
475098012036000507019730004000900076103270805008504200000000428000059700000420003
040701302070400010000090748020000080080039120915270003060900000290007630031004070
000000002380050010000006840003140500000600027007289400468003971075008004000700280
700005002400010007235700460020960700610000925009000008160020870050481236800070150
900700000000600470700040891070000900009270000614839020800953740390407050400180039
175900000060001789002470165000005006200000518500082074601300057059000403300250090
006907300450601978092853000900486030240500617005100080021090700860010020304000801
158960342063000000700053000910080200080609000000070089001390054800715603300246000
000400300500236010000010069006850290000702130201390607400600903003127040000040821
670981004508370000139050008000040005080500000300020000490130502200095017815207900
080000350000250090000040812061703400378490560402000038920005173617030080835020006
007000010500700900934182600000806240312490005040201739273910000180000000050308090
800671300400203690063084000020190480910008000058020901009006005086530749000709000
750000000142000057600700201904600005200095803035470190571009600309560412026003000
800092000049050082072040050960000825003524060050986031020000503000800040400270698
015092300009703801000048050904027005083004700050980430028409500000800240000270608
009000000034080000807900561100000800403008002270001459002300170086710025751820643
605901384791000000308000090060000000073000601000300000230098475087500200104200908
000970365000080194000005200001007000002613500300809001000034072020590018410728003
600900340935000180000510600194300020520180406700049030240090000000402910000800004
000001300010000070060320018901208763208030150603010084807160042020090830130500697
602107390900836400000029080200700050706050109010300007067015028009600000100080670
090020300032000864000076201500003000308209410000700500970182043281030009003000100
000410095000000007739200060308745920900382700070100850000820670020000438807034510
608090345900040120300825067080000209062900803790080056007460000809007000106030702
070401305102006740040003028300105200086000570000002030050200000020507803760910050
000741080030090710100328490000000257004050060506072000060000824800930501715284039
000608020050002004092300007005273946200900008064501000309005601020169000000807200
274050300900004070805000000000600050540000620000040901089507103700030280002090547
005928000938706045160000700024600000600040957080053400007560821200000504851074000
005098306006004002080013000000007528020005794070000601251876900860430010309020007
004078096008000250953002408000085000807006530200300687000007914009100000001004003
000500006040003082000200170070050901400092807295180000000000040057649230024000619
741058006003004800890000107180403950400005600000601734370526481628000003010037000
582714390409085000103000805300400000710039000900270513200847000050003000804050702
095072080001056792062089150007030000354000000000020000000068901000917003170043865
049100006001040000007009040000600983000004520090081460900760014050000630020090805
025980317080007005970003684800340570000500000000800400008091000056008049000625138
805210347090005006400008005008500000542163089030890400059001008006900504204000093
805009000097000040020070015908042000502063709601800204750031008016900002280750093
180624307230890605046700082050089004000507016704210500009400001403000000002965070
000400310213050040790603258679030080328004009001986032030008670000001020100762000
000010007400800605020356084907002856280093001150060030000900403302607019600005208
080060050600830241423051090008390506000506082000000970765040020000070000000028030
465120000023560004019043026050002008370984000248005010000000000100258670607000802
000040000903708046481693200020501060509000020106030000007206010608010000205089004
000170000371408925980000601000346082268010000540080100400090050056700200709020034
457200300920000050630090201540000007800700904019082503204008639005607000100000700
910000008000700001000090700745280913621000504008004672070020005000809100164300820
091400060382069015000000207000684000008207030200130809040873650003000974500900100
020090008031024000009010702040279000080635174500048000000961027007402500000350080
090061340361248597000070210800000105013000062007006980039710020175080630284639050
050700300008040005379000000065087431183560000040001856806000023530002000021096080
020710360060008090300020000800100006506247009107800400613402085080039001259001740
082501309000003587053809200326080100000007060007126000608700000075002630090630050
700020000090753400008169070060208030009647850020031904070006103080900540012000690
520600370091032508367900104084003007100009400236050901000271000700508010012040090
865024000010095000700608104900080010600001900501903000000370001300412590106800732
000145080003806010000300467040001628821609000067028951000500004700000800000000030
004002009039417260002009040075230984003805601000740000427908050800003020056004800
005000300320005070000070562500009280938007050002000030207301608863090105190000003
508070000000240708006080200010597683007800420680000597800600172109700830700150000
054200010290800706100003009500938004800106035000004600080002590310075802025600040
607002310205003900000800762020530671043126000156078003500617800060000037070040000
800295307090700000501483006030060020000021038600008759380100062109802070400000001
000000319050713862000802400003000080985020006000000000390205100540170600001930008
000200307720850900049703250970030421402970003506000080300002800801497600004080000
685000309720000040149650278900805000412790853008004007096500000851079000000300100
090246010720981006146753208600030001010097800000124709307010080950470032280000005
018097305700813946900000178000052061090760400200000000020089050009674213100030009
405910328300000060910002500020549601006001004090080050009070010040000730000005402
460900000070000169915632800023000001806001904004706203200070010041000730507000402
047806000000003607500702089064051090300070800791008050170080060000039408009000500
904156308006482000008079000189030504000690000700001000800060903005023407030005000
050001000103007000086309410000000091560293704094018053902634008600075030305082040
869050004132000570075230010000680931050002008090017600000000060507046093006003180
049018026602000187380006540060023000070860090008907600426091000500000400810045000
050004027070359000004007500080001250235008916090002008000093065043780092109240800
010087000200041000007002900301024569000359087705108004000000802509016473000000610
002709340030518900000000100050003700403001509061805034308050090296307410005026073
000108340200000001401000796600300210100809500328000974900205600030900105000000009
050806000000024891018093562000060000360002784007380620090601200071238009003940106
082001300760090105109024780206007891301000062048060030890410000410250008020730000
761092000405617080298030016000360009387240001609080400070903040900428000803000000
461800300238007000090030000527300009300270000000000703102953000956720130000100205
009748000070391060003265070000850009000902000300400008900683400038004090164509000
107289356092150408800460219403020005050700060768500020004005030000890040001340690
400218356138000902256300004600050800000000000020690507380040600500900030967800040
100260300000039100368015090000850001010302040205006873783000460621007538090603700
710080360036271000028006710009008423080314000004005100000040078800603901001890206
010000000000780410074000008250016983000907240091008756609070105180295670705030892
000000008000000000020800000068001754743508100010479003609082001251604800084705296
470000305003805000925007018080100003540700801030058006850410600204009500000002100
100462008702000000806710000020093007008120940070850200310000096607001002080070135
901002370470163002300590401100040765600001943749306200296870000000230009000609000
000502070509170802200000900000059600008340027300820194000000008803000056152000700
010070000080906452040583006908000000000008500470250698800000005560004900090005860
704102300000090600002800415047001006003005104000000200800004701005008903416379800
460508390000609247020704650600057024000043000004090500702080100310002480040300000
205300000000700000003040050800493175030006200010827046100200600750160020362970510
038000020410000009609000803000200160024000938176000500087000300300700006901523780
630000050040500030581437029008350016005274398090086070000002103319000000826000000
370005400429001600006400200005304009901002060030006145100600500654198000000543006
000020491500490000900710385400539070000100054215840903649270500052683040000900000
000000421001009075047051906008504600400000050000630040502006704760080010080020509
980003001067400593045710008800940706010000905506120834000300080400870050008201309
035000400084973500290000087000004000408005000529706840300107650000630000900052030
900300401087600039400050028034008000008001004000405806045010003019503070370000100
350076000000500069400201570000640285080000390000803716000097638800062107000000940
006302050000480630070516090500201008012000049307000005030095124729004500040820006
970236000301904052000501030000003208280015900000040105000007504502369017710450020
026708490000293007970400325030000200059846000001072000862030140745109030103000570
320700400014090607800460300430185009208940000600000050102000000745009106080610500
000007401500001709108904006002608170000300800485719003204086000001403000063002000
000502400503140000100387290300075920090401007000090006000204070051730049704000002
300000051040000070090000230816290740000714060407580319083900024064800197050042683
825009460760051000090840752006790025942085000017603948230000000050900600000000000
030857400750210380900430025528701000100000050370048600210084500060095270805072040
573826490006095720129003000705030900298071060000000200012080506987604032004302870
093706080840005003027003000005230004089001060400060290302980040900650100604002900
065080471800250090000040002320094160006000087510763000630008024002016008089400500
003089060067500200401600080502070000600100857900045000380960000040231590109400076
300090020001042700000107060159400370780200610406071058010920580540060190900005046
600000402300761508700040600007300149501680207204010850008030024020400060400009381
820015093057300268349008700004000020032986004900200800060000040570090080400863070
060915400100300006839246070090000602000089054700000800470100000083057000901863040
260010080000060907049203100900030012032680704400501000005100070700000201321800040
060010400000003020309050870070041200000000049402085007020537910000000752957020608
207905400004371926139006075090034602382010004740500039420003067010000090970800340
000326405004700000256000000010460200005182367600057008009200604360504002800690003
000002095102300008056700003020006000315904807700803204600051009590607000280409016
200178400007000620008640003400500931010900860706010000004001700020000346079036012
903100080104890700058000196700006200010027060000000907000051000531789602800604509
300010000296004031000050090942060310700091620000027000000246000003000965060539248
030281457000605390000049020900160035070000061026030700700004500504000602000056000
003010000050904623649270000482060901300002008500130204074021850000750000005806009
001069457054300000062547080100900000070030060003102908010004890406705310295803740
020010050701004300000275006400000000007492568560138274600001895008000000295046700
801269050750301609026540080082070530079438201003100000310000805468705010000003700
900362407050890230020000000030000506000000082000283904000037009870945100003608740
300926450659000000000315000008007500974501300000238004760000809840709060103002040
056000490070008305300095017005900732003806950000053004030080040500102803010730009
030106470200000000078000260082650047409080010610400805040869030896700100023500680
013090008000308001020007095000472030409830062230060000300000956750000003690000714
608321050000095000900087100000160230345070060120008947001000080584003690009006700
807500413940060528100034009092318674000200300030700000080050107076000902200003840
890026405045310600617400200000265840384100500000034790060041002400602008052903004
000000417201574030734809020100097000040080000607002150900208700476050000003060004
507006000801000007430007628000000190918000000003920784306080200180000076070609030
508000400400000050291070380060003800389465710100800093003750009900046070020100004
007100420631042587040065130008000000305600008900057004000028700200300601003006092
501078029690540071700091050400102000000000164008760902340905000905300000800000503
537600409000070816006000357700032080003059060000000132041905608970368000000000500
650000029490605317107004060870150936015360074900007002000900080080000201700508600
036570000100426070000008006520007893069800700000059000000000261210000007057200980
000070408175420069000300100500600893409000710703159002394765001017904000000203900
000080020052904080007000000005076008700802006600000000506700210003005867278000900
000130020300006017000752300000589042005061703001300865000004901000605000000003600
071086020500100300008020916000070040140005830800403079269730000700001200000000700
050600000807000610060810090200407089080109265016285374500740936098006050003590000
501270000097008005000000000700041320000537001136802704000000506670905042200716900
201096030000120890009070620106040082850900003000008069728400300010000900960537200
100900458900000617700614090259001780300095000610000000001000270007006009590702860
100906058900853002080010306609071280008290007002308000000530600400007009593042800
200038400536000000000720093001503907000400035350000060000350780070284519905170004
017086050000020370403579080305000014000250803090740020130800907046012038000400061
920000400100068237380200000070000001230701506600005083000500000751309802490080170
000007050007025000000814670300508104400063895108000730605701009000240000014050287
000007000000430100004609000100002080205800090040190027680571040490308705010924006
618972400007035061300600027009058070200764309740003500070509200502000098000020000
100002009290064000000597312524030786360040000710025904900076841000000000600000000
001070400060008907503004000600000008708500600900087000080700540059800700007400896
120500460096000020008070901000308600000004382080007004410086050065020079030105800
900150400000006709046009025738600000400378506069020387007900800300060940104583002
050000070900027005620400300715903628360010900290068700000170000136295847079380206
106927080042503000750004092209460000300208040614005908001700000427106000590000000
030020000004083012200014096089401200000090160700060040801609524420000839000002001
107906405960080700200014000600000020040290067702365940000609004406100809590800670
013000400800304016050008320270900108061482003008000000087230001102090800590800230
100075400025004730407003010812097365600510240500230000001060870700801923398740000
280670095006020730407985216000507000069400507070006100005009000028701003700000601
028070040317502068504910730000060894749830005850400010003054070000006083102000050
246003001080040900000285000020534010004810065508967340061050200802476103053109000
082370000100026070340019200230987600760035002408200700816000920924000000073100046
729008500145026008068010040000879600090405080000201000006000805902050000073080090
004060020006025090215970060501003000000000306600000007100092008328416070400800600
060029041041380090000051638000000169417962300050008000785600000006205800000810056
000002030040801006210056078109204753670095802020170900700400005001020609900003140
070902061000860300016007428580700040360450017000120835000000280020310000057080003
879200531000010090001590008532981704406005200000006850100732905000150020000609107
004086500000000920621090804130000000090602753752903108045130080010807040000520310
370020500090037004400800000000005100183004206050012300041703802608501709937200005
074200580000001026620000900180759402400002058050040009240000600813907200967524003
082769041156234079070018000000000000401000050090000104020100485807400023040800617
080029000100000070079001460705013802040002706002670140600097080007300600038260007
340200000000600000100435080000580004850009010904010800001900000029800147438127906
400800570200057000000094082380509046194038057062041000900280604001000005800016003
060000500243615090000827463000004080980100352002580046005900070000700038620300000
309600000001040009600193402456978000003450000897030050530002046900504800004300000
090620581200805069600000000906000020040206700000930054038710006400000037000304900
304007580070800060005090400900470023143000000827030054500000040012560800060384205
698007040000005962450091780160748000920300408004952136000003095006000020030064800
406030501301895062009000000160783000000000378030000000000129630602070914903560027
096030500001005400508600090100790258000006370730000106047000000002308910000064000
020000501465030090100000000230750000018304005090812000602000300900583670873020000
976428501534000000028300497019053700000000050807002010041009800005004170700106045
842706001015028940079450006290030000150600004430000059020003000903070002580100003
802694530600132400400007006000281300018040752000975100007500804306419200000028010
340900001050200000100005207004059006000346020096812740005697008961000072003000609
200000501680002740170005003900030070060070008010050096700001000342009817090703600
470000500009080000000001090047590106905062073020307008061050730050009004090073000
708460090040015820059820000570004089080071050310500002835006074000700600207308015
930400081701090206000821000800704900400613800170982600048507009007060403000200758
700260540002340608546100300000002180829000000170800952000983067308620400207014893
743908062082650000000000008037004080429080600810500003005030000104200036000470905
000010090090000071305702000000960435734125689609834100020658700000240000146300250
400800592800590700000703000064038950290000060031400200015080426087042130640301070
090706580800500000107003649060039051000105364001400097015087406000042005640300008
678204593239070000040890076000020307000000419000700800004900700907002630000300940
910070543040050000708300060600003725037060009420090030570904800001030004094080300
008079063004050128053012490305020700097060000281094050000001000010900030700086004
028470560974035128600802007005128700000500081000700300000250004506040800702386015
080470000000130840240000061064700315091860000000000600900617402416283950030954080
698270000300849700741035900983520170000106028016700050032418000800000000000300045
068201500005840061001005980003524179050107300007003406500010097000056013070302000
008001004090800000010326000520160403103208079800039002980573046054000910762000830
470008006050736040002401000504607180603842050789510002040069025200105000830274009
703000086019800030852046001260017090000460050070983002400700310500000000000620740
000203500000001206003007000004010603160900042070602000730000000950370000846109375
000080037625300010700500206380407901172908000049601873200003060863095000000760000
430206590020000410907584036800057920000000604590601070001000060009005000000042180
013096020026017000080240600351000009079104086600070000000031460000905172067028053
401206500005000010000010036060008021102907600094000783007003000810060300056842109
003069508900500100000003690007602849080390075009000006502837001104006700008000950
607080500000000830090010704000798001008000093904002000036059100000023945059140086
040603019000895704506470003000106002050208690600000000000760000060000078012080036
302000006500300840080601200120905004975036100603800900409068700230007008060290051
000029500000010000210560380030201049000400000950030002480605090105902730090000060
600032510250410608003605207060000000430000871010000900070953462349200705020800000
078400013401300000035080000924015360800900051050064729310608000086000130000201006
078946503635070904100000768000431076000700849746289005000003080003000091000010350
900600500705021049008095020500010080000570261000830975601050002390008756007060108
002040510000263798007000000700410030200875061100000800083100940001700386074600000
000170029090400307000002408013586094008000075509004180485200700000850900970040850
041003520390060040000015930008259000500080003002004800020500300107000069683040052
006030509900000000700109008571290040090040000804301007640013800309000714100074906
170000520080725900002040607620410030590080760013650040701000002005000090900032100
109300004470600080380000106020009738894070001000856000058000000907130065230060490
061000500407800100380915000030587409700030286819040000624750900500301704073600000
060100524075000139300540806050078300000265400627000050201396700706804201040701080
000007004005002139010040806150000362090000017620003958001800705086050290000021600
090000003642305197050290806023100970060507000010039204084000700000710008000058639
198600520000380000357091800800100905439000681700869000004006000900010450001408300
000000020672045000308090004426183050005609001019504006500936800900812005000450000
016000520000261030080905000059710382020000071471382056108040295060059000590103008
317840500005020093009500000953012860620000901000000200080000349432000007091304002
010607500060005017350001084270900040030070000094010076980003102600100000021560009
497160508006000030012005070285900163639000240000326905703050004540000316961804050
009000503802000710054071009008400301136807200000310096980043002073100058021000907
001000029098012000600050080040100800850096271162000005080600012906238054207040960
000700034058000027043502060070030019000400372039067005900304008315970046800651793
067010000014806002392400600009201870078000006000080091480509060003160950956700180
000030540203000000450100302009350208045020000008761950910080700502000006080503400
000200540600050908501009072086095004050308000900007380140570006790800000203014050
071300542806250070425700000000000080000123000357008016090030120010000607003071405
178000540340871002926005700700109030000200079000703208800000005561342000230500004
207013560000000043405060912302000009000070000049000020008301200910006350000000080
634120570857964312192030408703000000200000650069000080085291030026807000001640800
100409070957600300000075100600702805045003000073590000500060421000000963064901700
032071080001000020075604390000060940100009670796000813580092004040010209210400008
700000002580017000000002000000298400409000820807145063176080239350620014004700600
900230001600001002010870000700010000500600017100002356000063090369187020840509063
028907001090682547400003290310200004040300100089001350802009000900726015001034926
824700050150020900090000204461207500005010700078000060712006000589100026040902017
090070001020000000500900204306820197901007082782090005000709006460200003000000029
508234691100000283600090745006813429300000070400927350900001030010402900000009800
000003691100496000039005002743600000896010000205704908907260043001358070300900000
570820091120790350600105080040680000006002407205037008980060500460308209350070000
034920651007000308001030090500004070270080004400073082098000435060805019045019006
030420600420106309601000047000008173270000060004003592109062405042900710700000000
025300001030956000060700043003060702076203100412500030200039000000800379309070200
057009601034061000806250000092614030163078400740090016000000000409105003600703958
593070080840000070716930025009306107035210804074509062050800700300105200020003000
078000030000070809050100270094000006137005408500480703080317905710050340300040087
070203090249560003603900040080009002300027908907005000564090100002700009090156320
290857601370020004000060002621000040450030069937200005500673010169480073080005006
000200090071006020062059078010900000000407005000310002036590040187634250095020010
000000041164000980289040073806514300450090060302000104020030000018462730003905000
000020041164000072073600008736000800450980000802006050320197000017468030008200010
000004000200000504468190007850040000640001308712003046580032169020410070007560000
000345600003071085500806907000600010310050840008000500400510079700400058080097060
872309051300001800005200000700096028600024000409803016010080260548030000006910000
050070601301060205246080793000738004087000530039050017705010000023049100004807009
785000600410060280009000007900000420570046000140000703007604050650802970020507300
000740000076801302801630004003904000087010049509008006152083060000197825008026010
300000651416000000020600304239000508040200900000398206102037400764009000903480107
300700690019200400004093528257000369900000150103060080401809030792030006000000902
930005601501060280240080750002758960000001032459602007793010000800943000104820390
500000000741200000638054070080013407100409002403027095800900053050701020007030000
590000670082160040016000800934700105800204009027503000001900006008001007009600314
304720650012450008500003040167200080935001000420007169000070020073605894000040700
370809601800400700000730000000008000240003509010294000021300986487900123003082007
009820600820000954104000807640187000090062005200593010460200079002740503703010248
000700681006005703003826450060209010200471065001060200012080500087000032050002978
490075081007014900025896403786139254000760039309050807000021040001000090600000710
930400600804000200001026040073204810480010506026800000000000175695002480300040060
372054681960000034000006009030405078009683402804200005000300090400068103600002047
403207000060314500007006083800003050702860000315400000580701340201048000074009002
304700001006000070700600089030000510640215803501307246072504008400000730050000124
003009000401000750092060000270035481500010030030047500380106294000004078914700000
785004602032060000410500980600000450003006001040305006801400079090001360050000018
875900630906000100400500009000108003580040001049305060001003084700400306064089010
780003002632800070010000350806502700900400026000670401000100200000024000124390860
085000002076042893030600050803000210017804005059200408060425000004180000508073160
090753600300000974600000003200315700567904321400000890002406008006090007700538260
803047002560298001071600089320006074400020096000000008935002817000800960106309005
340859012596710008080040705063080000008034000420600007054160003600000070010903040
300800000500710030209340015063090100098030000725600094904008703007400981002070546
340710052020034810090800437067000041289000065430005078804390526900600004002008000
084593002905002000067400539590600007000120060600085301406000150300050000009000800
000000610401700908006180040704005200300097000568041000073016405080020306000370190
800000603401700920906082507000030261013600000560040709000900085189000076605300000
409000003000700040001009007746008310038100069012403750090850106005000000107004005
310970004006000950594300780950040870800100000073050100237800010105000290000012300
009705080570386000020041057408012570750400200063078409900000801000050900080003045
009017024000005008020864091005180000200640985908700000052006400010008700706431002
008300694300974002091008037012000000604000000509020000846093050003082009020000000
710080605469152008580300040900800050300021000100000060005910784094730200000008539
908534610500207000031608004360150900005769301000003060003905000014320509009870030
000217008027960104090000002063700021240090780078002046604500200010009400050000007
014035678000010002200860159307400065406053800001000900000348501845120003030090400
140705090200000700000100000784010000619840500000679080056000409900406025020050060
020034078500078013873001254700052491400069300390017805000000100130720509059003000
000500608980310704000000000500901000107020035000730061601090000430056297759203106
405003008900570000013204007050600840001300200200085000590830400104906700768001003
035400610002700349479600020000060000746080952000500006080090760027000000050376081
080000600920000807076010009049065000510704900000090745030680572650420300000050000
793400005026003004140005700830040900604039008000007000000504009409321560270900431
340078009790016000801300052200009360639721000080640900103000580006080203008402006
504000600200001058100000370000000537025309000400100926049523000312800795050007040
402300617300086920070004000006400009040001000003960048730020406108603572264570090
080349605010850900093000840060000253130060000075400000050017380720604590041000020
309570600000400952060029087050004230000003865130000009000050148006941500500000706
570289613603507980020316005007060200060400008000008306090031020000004009402005160
030450629956002014140009000500106030008030000301090062200500846000000290080003150
070405600052080304300290078091020703000104960604000050709000005080507006400000200
109485607000306040008000900000000480003620790806007230095734002070012060281000070
105009600000350040409070380503094768006000500000080000650437910070910850201508470
100708629000056100468090005003089400006400001800005290650004802309002050001060900
710803025050900030004006000020578009073610002500092000080235901102400000345000200
000910600067204009903000042340100798109008320802690005700080200420560900000300004
004510630010093845030600127100400080500700060302050010850100400420060301001040200
915408000380506042000009005000050729000287163170960584000000308020005491004801000
479100032280060000500090407701208090035470821020000063008020045007050208000840070
090100630000060000036002500375006020800015003041000859403670201900280045082504970
152070630000120905300465218020000400600050100041680003006040591010096007409007302
021007000604010002700600050060070504400290300030400206305700100200034000000560020
007030641003216908816097530084651003600983400000042010030069700108000360060008020
980100643041736008360000002000010000576240001100600004700060300690020410400000000
087002603000407201210800050003948076908000000075000890802300400406009020751024038
009005643040081205070436891005007430700504180001003000054010300007002050000009700
080005600307401259205967100020700094090800316010640802036020081800300420450100000
000308607800709410047600080002900046079860002000102095008096300420517000000083570
041389600965004183007651000002000046000160002090402000700800301003000060016290578
209300650471260390000098027090806530603079004805002000000050000000904010040083000
008000670100064800037200010802409060701006002069021007010090008904130206006800100
400930070395007400206401030040003050800059300530864901900500080050008063020006795
010400680268370000304008052651007090000500000407091500000902004000614200040003800
500070003000600405310400020891040000000196730000028000035069801079854362008213500
128040600709810234600207051200504300001600000580000900800000579015702000370958102
028500000006000038010970002201657094049831507075029000500000009067095003102380070
008000040607024030430079862043590007076041000050786000004960100069210008001450976
035600701029001403416700580000006900600007040973240806250000630000000000008000009
460500700950030406000640000000057108704200960180000302641020000308104609579003200
543208001001053840270419536605004000709630008000007060800901004300580617057306000
802950761901804503307002400513009607000086100670010940230000006006000009005620300
302805701070000050490217800209000030530124690000903200003640509050000006004009017
480002701903061400200904000810420005000739806009085207008000600702003080005040170
000096740680000905009570200001042890060019000094380176000050019105900080976100402
905000000207300900401090023124500300050060007670103504092400005040650090510839070
086090050090020300300158600020081000010073240000200000700010062060742030900806417
006050091700060450051074300010420035000700806000185007108097020070013580630048100
002640001095020063406030209540300920089007045070050016007080030320000000160070002
006024700251006890000100052160702348829000560003000019508000026000640080610200973
564200031000340685001070040005004000472960008086500400048100203100000067600030150
000000700037096458000802096000067040090000073070905000780001964602740035059080207
490000020256090000000024500640058130809040005000073468900765380082309000060000007
060349700010000400720000890007004100100032680902610070000000300000593008203486000
326000791400203085000760300239476008005008000001000940860500079000109006003000052
630280040500300200000000050010800074098600532456702008860517020020460100004900005
000900050000000096206000084034002000907610803020095007760030419800740600300061570
958006700670002530120000640815020463060384010300100807007653084000000006030001900
302800741007143000000270000008000592913562408054007060100750900000030257735400810
040008701860509402700000060030897005976400000180003047020780590417056200098300106
005080700870000000120050300000005604751046083000100007400030009518020406307000020
629308001013200900050600020106000083000031409300962075900000510735100804200000600
053280701076010008000900003030008254542003100019400000390000640200004900060000002
851000042900427000004010930005074000200905607000206490462790080508642370009001264
005089030980300610030100000040237000200018403060504270328900000004020065150703809
005000700708000000010052980000007530870900460540130827280500196400079208050200000
064010780070008000158027094000080030520000978839002000000070020201953640000040803
000304080300608000408520096000009205240036078000702040653071000900200007700065810
100640780070813004800729005310970200607000040008031679080257406005104000401000000
900008000600000000004095000000810930300509024090004160037002506840650270002741300
000958700095217006800046500008090300030020098409860000001032807286071943003600251
846510002192840006350200080070004520600109004500070060410000008060430910738900040
008340792400107005035000000290030650080960270000250409963502184002400030100803020
300601002807000134100374608730000010256809000001030520573240901010703000020190073
083060092912005400746000053107800030020730060000002071230017900070020310801043007
582001763170080240000500090010200030034810000925073001753000426200000000008050309
409600780003140260627398500978230010041706092056810000060000000035001020094500036
026409003051007008003000000694005031010306054038041000760010085000004060340060190
006081000007035290040709800004006000300174580008000040870560420095210038000948005
000580760285673009376400000138200007090857030050341890009004000423160970017008024
050900760410706900600005000000003502100069847000400639824190300507340290000050408
050900010400080920070030084901000502630509007705426139006097450007008090804602070
040908013007600825500000600300087942874000056129000378080000260690704000700000039
069305000007064000081209506000950347008106005503407018000600251100700469000540073
830000000600004500100706830520009603070500240300400057063008400200905006400007182
000026705607005029150000806971002083530090074008053061005900630020007108060000400
023154790700390810010678042500416203000709004041005900100940020400860001030020470
045081090007903150006004238030520010002000000900430060573600900410002680068000470
300010750000000006004608290030900640406580001120060000001890007958276100003140980
300650008851000300960080001040009875102547030705000004518403000276090400409008500
043521760250070000001060200080132957015806000000745100007009604109007020000013000
040021008060308090801950036300002007000090002500706103600000014139060825408100000
200105700080700100401000500004018300618534007005070001057803210032401670140097053
000060700682374500730019200009050000003408005020930070000003000360592480000106007
006100739500008040470096502700400365609583007005000000057064003032001074060037008
050100060690000084070896300760019520509200630002605000040960200035000000126587040
350480710208063045004000000060105009009072050043000000007504100635910824401030000
030420700000068040509030600610902050407103902298040030001294570005806003004000081
009350710305200600087149000062005197791060000034001802200600981070920300900000206
845300016021084509079100000410805003087000065036007001000902050054608100000500687
000804000000100009700963000600040358570002100000305200120000036900200071007406025
000000704890107000010003800583000947000794050079008102030006520620930001040012673
084000700000070620026003098073060040051307906900054000000041000000230801130000050
020409710004201005000350420570030642000005000008907500040712050050060094800090270
000598000659310820078604039000000000040006000063005040090000302301769085086430071
000620705020000480015480000042700300087090204906000871479000500058040160261800907
005308010817504000000170608300091070209085401156040000700900800028030165563012047
526804009980500634000076005602700483300400000410003597764000008000350200005600901
008905021020800065100000080810009657560310090000658032040590806980200003000086249
000310728017800940800740006920037084703400291601000530004600800006000400090000062
150900726300000000000605403090020350000850049500000062827304000405290000063508270
648500700920016000005000608860020109050000002000130065006070214479250000000600050
008900701007024500000007043000516980060090000090743060009000002004809006070000800
400009000300750204700003506084001020072406801135802607009307065003980000000000900
109025030020060000803010056930100600080056090600038500371694825006082009290000403
600410730000000900001207086160080500039004608070930102903000004400603809506049000
000000006476123000300075004009030450703402109500000803030040000210097008004010372
900005030002193480643078000000504061080901000005827394050080103021009640030410957
419608730072090000080247500250804000004060270000072354045026090700300605936000800
002610030007800009030729086060000018709481000048000075021350000584072000000900520
052008006806123940090075208609031000083052160541700000407286501200000000900004370
169504002030007000207000005050740020004251007000009850000010000008905613000836240
298503701003007000500000836002805600850001390009200007000700000106002473907316008
208063700000000020001020006902005004854601072017000580325900000000752093700000058
000001040409030020200007000800002910127080304065310270580400137090000060601703092
508000700200704305040516280905670003030000000471800526006400072197008604304060058
200060001080207096017003502049020007700000009800970020030001070900000168168709030
900206043740905600610000095097000524268409007000302069020091000000083052000000901
030809702805632900900071038700216000200000160000050270016000587000780016080100009
800409700007803024405726809609000500250070006001065080513080940000591030900307005
003900701500000890700580234200605918050091070000870405000700620070200003000100007
000006058100873694060940020930000400005004070084090065073068910090030046020009500
000609704005000020006500000048000203070430810003028009920000307860003590000100080
000062000607050200952107640000016007005000014890743560300671000000039176176025800
850002060107804050049007813596040000028000490400300205010500600000000040085409100
049105700062870000800900020030007400005004009000091000400000910691032005500000630
503149760091207050002580000050000189318002000074800030009305800000906400130408605
005000780001700204078000009290100500080050390350009801800374010503206000740000620
802015704610090003090003100060030018703080902100209075900050807000002009000008521
002000051600953270047081693400128000108397046709046100200000068004060320870000910
070943000318070050060058032950030678630010005802000903504000106000080007793020004
050040030948030000201500090160090057700000040004070619380900060009863004410002900
600009830900600502008510496060000000005006047000375619312080005500760020076002903
063250001000700002208003007370090268100827000020030709430900070000074005017002084
063000000901040600208610000804591203100000058000406709080930170600874000500060900
000590801000080064031046000010008090005007142000124086900005210453200008002800400
900000001027908350506317000400831097070290100300006400049000030003000040008400219
500009801803000006609700450000907023030512700207003500000800394090000165105006287
030027051007008069000630240008040073203091684610803002080060035300080000705014908
060930851700050260510600074100000000950062140000140603000210786600009000800376905
009000001000012040500348000008057360000830059050206400094780500675120900002009000
049030000008200000000009070080007139000423605500000700600902008904081562820054090
903402070760000000000000900020070460000500723080003159830796510190340687506010304
793400850204000970108009432047028090001950240009704018805690120000040380402000769
750000021214530906000210503109750000080000050620009007031870092960140785008000030
063004091000908605095600240040765308300001069506380007031006002002140706000092000
700054801010908005059617000040700008080401009920005000431800002500103700008090004
743000051015340960000500400027015038030060100080734090370000086900050710150000009
593642871060307054708000002080000040320409080050836207600018400032060500410000760
000500061201000947408090000005000200004300070700905400049008603870006105300000700
039000821007608004048321960005170680000860145100004070001006002800000050000200400
000004000006108050004000790008050040057986102203071905020040308749003020000207010
300005840410723096569100073600040050901200300084530020200000008040350700190800005
250637840008000065001548009600000093040360000800970150196003570002700634704050912
023056090591000000000107200638070940002043007457000000189735000370068059065910000
004060891000380005000090236038600000010800070065709300089430500003278109006905480
504760831001320700000004920008400000916000347405006200042083090860105000159000080
700526001619830072528170604000900268190002403862053000300000047900005326200360900
000030800000000050340510060067090510295108730180650900852001403910723000000485002
000400001601230094890005632005000408010870360406500007048056100030080046069047280
024300001651048700803000602300090020012004060000503917208406109107082006009137000
006057001740030065095206000050802030003004002800000540570148600300700018081020009
230040001090631200640000097004968075100207083850004009500890746080006000000100008
053079861701008094094510700000001000005804300080650219500160023002085040609000000
254000860000048000893006042326090408005804070080653200530060024002980600670030085
001549070005010000000832100208007500053104089004658007010403000370081000400060000
390600002708001060506207319030000050002008000059410627905800430003104005460350281
007900802059120000000000095000280100726013980001009020000430608000056239005890741
000100890790008450080695700000000038010580904000000075100020567940750000502061040
004003800002968340000074601900700500700105006040300079010057000005000000030421060
639154000510700604042060000257600300901000046003070200000410000390586107105097460
009406032600070091010980076305000968870009000900008007030050019502001603107364205
000400000000058901501962007034205106600040309017806004009003008073600200008529010
690530012708000900120060750310000025509042378040070069000053007200080501000000080
000100073016030059000509000178095604060000015352410987921050000600802500000941006
006000003008000005030008100007683510002000008680020039060192357003806090000705406
057060803003850000080237600901780562032010048800006009000098475000005096004072301
200000060000903427000080050608000000002800094934000780070001206463028109009070538
256004013000315020039068004401603000370500000085027030007109460510000297904050000
310560824609308150200100600836001500000037400974000010460890730780000061000000208
613000004000740091079800300507408000030000000096000740060094002300005086950600437
230706000714200350908400002851604209647032500302001640080100400000309085000800020
600192850080374260400605070109438500703001000800900010300850000000700030056003748
203961800004000961090748000030800040000012300910070580300100050860507000025080000
070200000508930000090058100000000029602500780080026010935680001810405002406173950
060107030020350469083900102040630900015080040630490000000249000290803004804006093
703024800258060304000000720080000050006012408921405007100053000349001002060049070
410206000953708002026905301000000900000803000065070008001504700009000500042397106
000100006020070090007068020270940560001030942000250013090604007000305000106782400
200900046009768000006240097007096415900410203010302600054000000703600050102007060
009100807040270000030098620000500900800930504405706032900307406001020700704809050
200406000600120075007098000402000387700000004060042591500900100020001748100060903
002006810001025960008013004075090340004087201120000080917000600080601059006209170
700629013002080076830701900501390000079065340304100059010037002007908000000210098
000030004400050379100708056010587003050310400900062000302090060000600905009870000
020004005500201070000050200245607100861349020937502040350406081070020006610803400
204579010060130059501600004670380021300010060180006093057090000923807140000200080
006002810000060700217000064029403006000620930003005072308000640000000007062804090
075010029083962570200005060306000780001846090000000000060350907130694008094200030
350000800008320050000000000005067040080005063906034502502083017090570004800042395
000050032502900000810042900059800024100529060006734091090368050008000400705091003
000900805503200060000385100130600578860513004400000310600030980009800003008000651
007096000408703165625100307000059700709600008103000000900235481800901570530407020
000200801000030029080064000001400006609500380578396010300802065400010070000000234
001000840290458136800613200610004908470005000000361002000580009708900000000142080
006032040000009000098000250801050060940320700260810000500003020412600530639005180
070916805658030109000258000000360000007009602316070084000800450009040000400021090
000406802000100007470302000000261035530049700000507284050024193290003008307000006
000060850615080493000590610460705201000906300073108900007013500106400730050870120
069420000170800246002160090028041570901078002000200018040089130800000620590602080
050400870070512090041897200586000713200000450094130008100240080460000900000000007
031200890700018064580003002800050640000490000000002903000024000043000209200730001
003048960040063057600910040000001400780004029095002003530829100024076530007030296
003840001900623000078159406600090800190378000004205000002900000406010395010500070
670000020901724038083069047700001304000480270345206009802000000010800096000610080
500007081000050000027009564409080730000000800008093016045138600300964007006275308
306807001200060000017390005630020100590000460072004503040006709025400006700058200
360004001280071006100008700013086290002049003946310870670490028000003047038120000
050830001060005002309012050438567010906400500010090080082059740503746108000128090
860045000400010000000708143049007038203409500658000004700526380926803051085100027
053600902000097000976200081730000800008029105501080600360002008487500019210978040
125670900080020405000000126000150040200083709407060010002709001513000090700000380
460005918507800000010040070051400380090703064700000090940037806100004000370960050
403617900000908003196000804040300580508104032300580400000030600900065210600801349
070430921030001640040056073190000067200075000783629010050302090000000030310000700
000000030530017000240000716020060809000050061003000002074093000390000100852176093
600015037900070820003096005005708092090501748008900063000082000400059200082607000
010057908400003207070000000030000600607908100080560004100200000009345001020076590
257800941010092786000000230601280000534610020872005100029160570765908000040703002
570800903000109050000450000010385400860004302090620000600503001300908270180006030
080600005059438126046009870090006081060000000010502069801043650000060010075020090
003010900059260140104593072040070601090042000317605090000930500000006000070850309
000070968600023507005806023000058314810904700070200090020540630456300270000000405
500402961030700800006905340801060030607304190043000076002670400300800029000009603
008021960069408210170095400001500800004082006087069000706253100900040072020007600
450300000086000052020008714010007248060025003007084069048759020600003095195240800
007362900600001274900070006579000040800905063036704519048000000762003000000247608
263107004180200007975000610600038070059006321000021800500000706008600103316095248
056020983038910600400008000780396400609201037300004000801009306900002041500060008
086001000030690480492087103208073506340050208050210340000700051160020730000000020
075041000641500378000008000010403896063987000000200030706830041034025680008100023
700350002000400097080000004000940000490870010008205039026038040034020008007160000
300001062000592370090670100017308096063007005509006037700009041130720080000064720
900840670007360050020070430005620004004030209000010563501003000000784000009050307
039000700006028900412700000304006571050307089987100004063000450790000000208000090
000760002010000093402503060324980000671340009098170004060200000100834000049607050
602000073047680502000290060010000280050000310000309056509048021200030708000126905
000001073107090002305270064710504000406082317800300006038009000060000709904100000
090250003000006005630007200869700301520398060003615820054000030010870040078500106
000070020000650708000032640500783000100400030349206580010500070020300860007109002
052001000000005029097060083430500691501496800600010045700850012203000408900102300
275000804000007605806005079460000001001200098087500062024760003050402900090050006
000700904310008705000005086470509801001287459598600072120000000000090610009000240
200360984000047005900205173000800050081000000397014060000670500600400010739158006
089400705053800000670950024307020010000039000020107060100008000508796002040210080
000031020130256807080900610096000081015009070708310956603000040400060038800090000
706401285814206030300007060580920000400618020020305008070000050003069000960782040
090601035500000817031704029910040708720160090306070152400520000000010000002030000
379001460420905000005460002563000007081602394204038500100387009000094700057000003
290000000006050090301000086027908600010024500083100927105042769040006050060019003
820091000450630001716520300601200900000006008000800400000000200238750010004162703
003000006001207098607089154180005063006820000905140870054902080200608540708014200
039051720001260098020008100180000460476823900395106002950072081000000000700014000
009041007308276950600000400250004300900080160706100000095708046002019700400650019
800431957045000062003650180007205093438060205000010006006849020280500600054100738
003200907180700362002635100000050800030960010520310000300809020040573609958020030
465201900183000000090035040000458000020960015809000470076840320241500089038020054
000000287071040600802005410004780506036000000700053190010094025080526301240037000
450360080071000650002095000107902536000417000928050174000804000080020361200100040
680000007430209600790500100507800360300700004064030800840000000009617030106003000
736050020001208630080067104027000000000703010000146780600072090070009508800500076
050070600076082300000930700005200000400058003800100065280305007513720800600019530
900001000247060080000820430000000002000053901009010006704102568805947000312086090
703001000098256030604037500006000000310960008000075010860503900502700103007010085
050601320862003000107040680070400102001507043348020005205060900706009004493810070
750400023000000075002058614009000067010000000006019000503042091100007082007095300
759060020641820905003050004300094068010286030468000050006042000000030040084170000
009401803001820070823759610002590100015000008467300000006000080100637540204000000
504000609902030750000705000037000015105349800000000046306912500050070200020060090
000000700037506048000837001000263190410050300302108670200075460500014027040080000
000900600820350470900080250100870096007010800200009710070000540412760980539048067
500401030723506190901072000280030500000029300007004020070040010090018203300900480
000040030305600049041002080000005200059000300402000895007289400600000028000160753
296841037080700001401900002004076309900203000032094010000050203340028100725300860
045901007080027490900504002000039008019206354030000926050700063700053001308040579
000720009000680007712039040120007400569013728040002100670200354004000900900000000
007950836389000005050007000900700004708400203600018050260500008890000571570009600
507001239400070501391000046975803124006900070840000960758002013009700050020035090
070901030690800000403507010000090280309270000582400003000004300104089520007103008
080740000021068405040200060060000540000070800000415092807106004400587306256034701
900080030210365000030700140302000458657030001841050007000900603480013570160027090
040081237216700009030090100000105000004830900001009304020960013600004700103507400
259301800400925060600700200005807090970000085168050700800000926030004500500182070
500061040201080900900403108069000080400097012000040030627800300100209070090006420
720001900010090060950020003009010230061732590002040016000000381047080050683050400
970061205000000000005007369040000607750800010080476950594038020007624500000010004
980350040625794831014000059200940075090530020073100900100000403000000000030400207
500061040007280150003075260200000915451000630000000082970300021810000304024017090
000000402020078039035602100501800200049320500000015804457080016603407900200063005
004680253863050400000090608000360002038040005400805900500906187619570324380204500
042001050076008001000947286521006740000035028380104005003602000200073010000400362
600080350002075461015604200041007938009810000067403020408350000903000000000708590
060021359200003007030476008600059810100600005579008430010062083006040071000180964
908400200041005903500000008369500080005300600012600009600850300050030806000076025
090070250710000980000009700602090100139260070007030000076415302900720060324080000
704080053800560710510007000040090065005608421620145007001800006200719000903000170
092001304000003002031490870000030007000046901000020040180300205370008010064915708
040001000200058060507904802736020090805400020009170085080040106650300208100600000
450071000300482975080000003000900120107030659905004700070803500508740200000025080
000430768180500040634000951075960020001000690396000070208075000509004007700019500
503800702010790040000002009000928500820070000300000208600209407030600920970504380
409851060076903005000260040043000002002034050758020400000300020395000600020716500
080001403000648052400003100000000000514269800023070500600000301005016070149837600
080590463001600052050023100007005210514009070000070590600952000805016000100837020
000001269060070001390008000003800024216904070800207906008090610100780400004003890
043091500502003070006005903000536000010080046630120000301758094060009150004602030
428300007700200401100074308000800032280069105071003000800540013615907200302086509
070900460463000591009000730308604100607150809001080040530000014002400300004069275
870900300000002000019530040000090000047150020051280073036420917002315000104060005
940001203000030809310790600054269000269378040000504962400000307000020491702143506
000030970000780200067409138000950003000064790000370050040603080690800301703200069
506000070034702060721040038960283415002100300100900006600007180318000002205300049
200900000007400910000000250050200780082305006074809030490520060800000001706000805
030901004001056090049738651007860002126305900008010000570600100000184720804002009
605000074700056203240730000307860140106340007090010030070093410060180020004002000
239461070001700009540020006000007400100354920000090005816540093050600010070000650
840001603002705940060004120420000080083640502000010039070400001090502304504000090
608301079000086351000000008180070020900002016502918743030005100751800090840007000
004301070001005000050040020400050000000096007098020040745060380819704065603008090
000030074300460580050000010847000029930200160162803005094080200506902000283150096
000701906010090020008002700070000809069480200305019400540000178000000040037000602
000061400620070030108205700790108600000904057405037900000702504079000008000506009
470501000200086500908072130100090008087600009000108473021000700560847020034010000
720300000006070920000602730014207500008034267002059013100080372087920146000716000
200650780074009103018070050001532400700906000046800000400090021052460907067023040
003000087602480390008370060841507900000006008509128070305064709710850002000000000
450001287670405090000072500804507026030906008009008400300264010701000630906700040
209651704670080053500370200090032476000000310006800002083700600102000937007100805
506790000001862009020354070000940000400500001087610004800205910002170040000486320
000470502408035107501982000602090000157040000804100000203000001005006204700300059
000370004370849052894005700000607320230004005160020807405000091016400030003050476
003001080579000200600000400015009040006700800420500000300105726154260098062000504
643970080090030700700602439015000600009010800037000090000145006900267300100890570
000301800080649000300500020030750200258094060010030549003008005640075000875003012
003800590504000218000040360000008009600400070902610000371009480000784030008100752
080760392070340000090508000009000120213050800000017005540602003000075240107480009
900040208510008600380009050150604300000800940000005816200176003061003000035900164
005060070026800901009254300000048092258796043903010067081000400002405008060109000
090031060403207008260859400000042070500070601730610000008004130970080006341020000
493001000516200090008430001040050308320680710600710002034005020960000030851026974
948031050050090010002008096020000500169352478000406001004015080070804139201060000
090000056800207090000006001038700140210040760674010900180004600750130480002078509
000081000060240095420506801930060100004053068600010923109000000700130000302070519
056081200080003050071002980029500000060000040014830020630095472000360590105720300
000600253300000006005203000050004608049080721008006504000097065000002800073060910
857001306204600010601080000065038000008402703023906408170320000000009502500860900
768921005000046000100035086974000053001000204000594700450273060006418570007050400
540061302030400901921387040050243107360015200402000000100070020074638000600020000
600001027000506049900708000090857000705013290030209070076394180003002004009105006
700061089019230670500809004008003061004080000300702940205307000030090800097008053
042600389019234600000000004020450701174000030350710008000047190430905007090120403
400800300003095061006007590060900107900020630708106904000580200380000700000470813
070021006003000904006407000705804032021700698300206540130042769000000805950168020
007600390009380406030400208800200050645010082792000104900030040070008520521070000
070400326416832970093007080700005032020040690089200040108020060652000004040000200
762800349003070010850300607508000100004925030309007050930040500000739204200008073
070090000403050087000837540004085000001700690389006075130500709052300800040000053
806000009502000680000085470030007005050000068461090230010700820600859703007012006
097081356000050290023400070930000145210900060000005903000000637706009402040000509
507001046801040005000000801938700104010000060075810900080420000056139400300670009
029001048847000651310804000004030120060002030032108400190000500000003900400910200
002000365089050120300700000194302000026005034030907000003500480008234706040618253
040001080000003216000082700700005600400000030120930458080750143507014809914308500
870900304043000010620054080400203090109540008058009040302010459716495030000002000
000030050013000080406008120105842060028000500634000800097080031802103040001000600
060700432074003610001406000000260100800930006046008200107085304605040001020079800
003021400507309610102050000630040020000002305000736000015964270006070001700013946
030001457000938010102450900090300708804102365000006104015864009400070500009010000
390000008008039002002400936700040020980000000253890004000974280430286001000500047
069700008500093002100000060700940006900062305056837190605004089407206500020509000
970001000005090081014863000000000640806900000527614093100700368782056004460000002
000090403603470001000038906914050638706800049000004700360509000100020060075006302
907051480000008070810003502601005037702004100095127648208409000003000800169702000
029030000000048000004570000051803207002460050403105008098354016040700800100982530
704020003000409017001000090000000061160005072087006400306084905018002706009763040
760040009130000748040790060850070400420356087090400602905600004070020890004980070
702830009109500000008004261006000310420306007090008050900607120600020005013005400
039801547000300001000040839500610008300528490090037005060200000420006103950084760
000001040080300760000042000040610370070500406806407005168073050420056080900084000
000061042000030601005400839000000000001708406000002015108270954002006000053104007
030001040000540038504703010310006000700405821245000306070854160100067004480310000
002700000050032716000900020930170008078069040000008030081003650006010372020600000
000700594050432716147000000905100208000096100014500900701203009090010070520907000
697000540001690037305400906509234080080006000403089625900000053250003170100000002
394001520070436000860590740400020100709658000603040850042005010130000470007310002
870321540004900271000740083000500324408060007003004600005430000040600035031807400
800321006000006071100045003700008000098003100523170000680400709000010805031050400
007021046000086200102705000016070000408263005023004000685030019000007803730000002
000000002000050093000349768200084370430210059150700020802005000300400600670900214
600000500874600093521000700000580070107206850008003426482005900309427000705000200
000041030400207015000600200821074596600900080900000070000032961009708000040160058
092300000108090030060080200000200940901030560600010023850923000009408052234070800
000031002260590018070068300042650100030810400900047806600983070080020061590100000
037001600200640000000780000008592460700436051500108300905004020100207900402019576
090001607200000001176004200740025009805070100000008070009716038008092010600003490
003000640070680000100042700310964875008573090507010400051090304030000167020000950
983051004204009010100042780000000005008570200007008030050096042830020100026037908
000001004041700539056042010009570400700009053503010000100295000462130090300060000
709000604200047100400693205108432006004000800620085010000004001000070940000000500
870430600390080715000705480507040001009000524400069370003007006000010000150904800
805030602390082715001090300030008901600070503000063270943050026028310409150004800
020901005000600000603782010208090067009000051500078290900060000064250900300010570
070400090003000715060705084507008960000170000010503000320807106748306209050000830
800031602493000010201795084000008901002000003904500208309850100700016009050924030
005000007091000045836004010489206370307000026002000098020045009000307154004069203
300850602800072009200000017063408105524007080700509020100290700600100008409780200
590701620800503140000620503701000980906207400035109270000900862079000000050002700
008900030209600047000300009007060591960015000810090263090170000601409700074082910
000501740000702080027009361908003004753284106400000037840907000370050900096308075
260000040930070015000528306000067952009015080070000063180090020050140070007052001
060040739039002508040000260000009003421300987007018600005630120000024000004085000
080001700105702080000050413900304200760285090002006040000900134470000008090418506
000000749040002508738094201050000014400050080307008002905647100604123090010085400
060001723207036090500792608320504800000980400000200530002670000058000060030028900
000041002247008056001060408100057004070004210000080070010420683082076500006810920
005040720230097801190002534000000180001805000500900040059230406400060307010054298
003200750275096801060475003020030000136042000084150602000900075690013000000020060
305900746410600000090070300004795132501843907709016450673402800000300004900100000
050801000408700006130000250369000147205000800800310502041000300583409601000183475
040621035500007098020905014706000801002000306413056007080102470000000089139000500
050000700098200503407356098074863900800004600900002004009605100520008000186029300
093000756800003004020096801970300040010907060030000007180024070756130400000600519
593080040060043205400006831078002100010057300030004007100005603000009402042070500
300060708806207513007300009040870600731590024600400037004000100523089006068000300
345800006001040003070009041093000074784203010106007030500080009030905168010632007
420031086708040100500800000206000017000004025040127039100493200090000071682000390
000650002000400000010200004500048000000032005034960008941527080050800020200010009
000601800800079006019002370002008907108023400004065200901250603300004001280306000
502761800100049000789003010600030749007605020021097000000000100004000965870906430
070090864209060015600000200431580000792000500056120030105600002004810670007940050
650930002008004005042780090001003000073000901200600500000897010719300200006002009
400900076360000000000684305570200908000100704000090002604310200910805043703462009
257000090001070040040296007409508700005040008823017004982750000174300000000182479
624031805090200010031986207070000050160590730053004620085300060046050971200460080
690031025028945300031086007400603108000098734000170092000000400300800001000460503
080701900026085000013000405302149060069803004850006019201500093000904001590007040
083701000920000057000090000072149030069830072804006500000000790050904801090310205
003751000000483000010600003572049000169830000034000519341068000000004800000007000
086030925023085100010602380000140530009006470800270600041508093307900051000000200
003700052900080106607500300700140538000805060004600009501070003370000820298306740
320000945800739620000200300030008560079420038040010790206180400010500806705040219
820741953009000600534026007907053401300107009000090702201608045400500070700002100
046701080207050316138900400600380140080092763900600000750000800800100507000870600
048000072090008304007000806063200109420067000905300067054823000000100605310006408
507600908006078304038002756703280109400060500000004060000000000870009635300000002
000000080000500310030400750025080000081900000060210470004703090000140030309050047
040701000297580014108402007803620149020078063965300208700063000000100700310800006
803650900204008513195000678002090760000200401000507200601000002008425096009130840
835001026000300015000000400006098042300062591029000608107009860460017009900004000
543870002090502840281009000950000000000350008430297016009408005024000600060903400
850642701024901086100005003517400038208006004036000950600207340002560000040000000
008672010000049050020000000062430095009056208045090060380001907010003504000984000
040702010000000952620015000002430005034056200065200300000001000010820506200007134
403762910007901204002085003061009027008670090009100800806000040204318009090000708
054002100900100040001507200039000000002090857805004060406070002010009504583400000
804000070009160005060508200007009001140000008905214060400905002018670090093401000
897600004000100600050000280930001002080705100000293806000317008703806020060009701
847032906560000082000680004400369870009120460000004003380270059090040027206015008
007002016068091732920607400000000000009108060603700000000270109094000620076010003
300402916408590730901630400000309000780000064610700200005200009000850607270000500
008500017000691042001748036402000081000020405000000090060087059100460008080905304
940070318000000940082039605029300004560700003407020059053000000014053007290107006
060790000700000609030400000304500790602010450900230068096003020040029376003045081
450900007009000000860050010310008000002016050675004108196070004048029070037145900
465000800923800070071306000300560000002090053050004068197000504000029316000410080
407090800900840000061057240304008002680075403095204060076000904008020316009000500
000800005540900020080070000023687504407193002890205070004701286005420009218060400
138000046240086001065030200600851700800060410703020065320000108571200630006713502
087502000002180050901470230006704520005628700020000096003840971000910000109063080
070932108982070500000000000005089020009000800020301067090043000607005392053006080
000032148680104000430508000014000620306400019009301754093756081705010362000040000
409000103027013804005000206001007329004000701000090005950036002200804060040109030
360800150748510062000063000820100900070200001531000628605000003203600084410008590
983000051000041002142500060427630000831200970600178200378005600006020009000006000
000792304020004081460000029012080900300070200070050108207140605040520010851906402
748300509020095400000007002080000000019873605003024100030708096605239000000140703
000400069080506040600907050075000020000750080030008070260070408513804290748009006
008042000460080030005000800600950072179400300502000081090275043314890507207004608
400300769973106000026090031600000975700500300852973046200007003080405690000020417
194050876607000302003670400040700521200400090975010604430507168002030005850006030
009032070600004920270956000900703000004000000581429036005360810890040350010090004
506300401901007020400001030200910600150820009069705080790008060000004008020500703
930400007080700003475000000304007950506100730007305000260008301058000600003916805
476850000000093067900046008060007800300000046018604359600010205205368070003275004
805900160301004050462000390020007800503020709600009030008500000236041070159070000
000000106000001095126507804860140002235780941000250000000014500700600403400370010
010042085045096712000008469509000048300000070008071520657809034200507600003000850
000090360090050080320080495030920640804300109200810003052100036480500710913206054
040092351190080062207130000469305800705061000810047035506000020301650070004213506
000160300603805000002000068000000080107400600860013020081340076906051840034087009
006300097000507000003409052090640801000203000045070000000006900960700010231908700
007010403000000086306490002000005030000009500705001200500037908073804000080900307
708900050950000170100705928607050200025073009001006000579000062406020300280607514
000600081004981207000400095003100974700049000000007002000528000008314520250090348
000030005030040900004090000709008540040571000320060100000216700060950810001004032
090080406030090050812504090560070002100436087380200160908617020000840070600000001
050030480320001500400000020590000003702008609060400005070080132038067950205013708
850390017070001305004000629005070132087900500400526790008005974541080000009200051
007002540200586307000001000003010274002479600004305080176854930000000000459060010
908602531060000000700308009896403007007005068000060903000009006500000304603780200
000010000000573420000906178200130754045068201000405000520000000098304600603207800
090000501000001009810006307180000070907240100264137050528710490671020005030860710
300000001705081009002500300203609104900108200060207000500013496071004800409865710
